"alpha_1","homophily","seed","num_adopters","num_steps"
0,0,27,4,2
0,0.01,27,6,3
0,0.02,27,6,3
0,0.03,27,6,3
0,0.04,27,7,3
0,0.05,27,7,3
0,0.06,27,7,3
0,0.07,27,7,3
0,0.08,27,11,6
0,0.09,27,11,6
0,0.1,27,11,6
0,0.11,27,11,6
0,0.12,27,11,6
0,0.13,27,348,15
0,0.14,27,355,15
0,0.15,27,367,15
0,0.16,27,375,15
0,0.17,27,378,11
0,0.18,27,383,11
0,0.19,27,385,11
0,0.2,27,389,11
0,0.21,27,393,11
0,0.22,27,396,10
0,0.23,27,398,10
0,0.24,27,398,10
0,0.25,27,398,10
0,0.26,27,399,10
0,0.27,27,399,10
0,0.28,27,400,9
0,0.29,27,400,9
0,0.3,27,400,9
0,0.31,27,400,9
0,0.32,27,400,9
0,0.33,27,400,9
0,0.34,27,400,9
0,0.35,27,400,9
0,0.36,27,400,9
0,0.37,27,400,9
0,0.38,27,400,9
0,0.39,27,400,9
0,0.4,27,400,9
0,0.41,27,400,9
0,0.42,27,400,9
0,0.43,27,400,9
0,0.44,27,400,9
0,0.45,27,400,9
0,0.46,27,400,9
0,0.47,27,400,9
0,0.48,27,400,9
0,0.49,27,400,9
0,0.5,27,400,9
0.01,0,27,4,2
0.01,0.01,27,6,3
0.01,0.02,27,6,3
0.01,0.03,27,6,3
0.01,0.04,27,7,3
0.01,0.05,27,7,3
0.01,0.06,27,7,3
0.01,0.07,27,7,3
0.01,0.08,27,11,6
0.01,0.09,27,11,6
0.01,0.1,27,11,6
0.01,0.11,27,11,6
0.01,0.12,27,11,6
0.01,0.13,27,348,15
0.01,0.14,27,355,15
0.01,0.15,27,367,15
0.01,0.16,27,375,15
0.01,0.17,27,378,11
0.01,0.18,27,383,11
0.01,0.19,27,385,11
0.01,0.2,27,389,11
0.01,0.21,27,393,11
0.01,0.22,27,396,10
0.01,0.23,27,398,10
0.01,0.24,27,398,10
0.01,0.25,27,398,10
0.01,0.26,27,399,10
0.01,0.27,27,399,10
0.01,0.28,27,400,9
0.01,0.29,27,400,9
0.01,0.3,27,400,9
0.01,0.31,27,400,9
0.01,0.32,27,400,9
0.01,0.33,27,400,9
0.01,0.34,27,400,9
0.01,0.35,27,400,9
0.01,0.36,27,400,9
0.01,0.37,27,400,9
0.01,0.38,27,400,9
0.01,0.39,27,400,9
0.01,0.4,27,400,9
0.01,0.41,27,400,9
0.01,0.42,27,400,9
0.01,0.43,27,400,9
0.01,0.44,27,400,9
0.01,0.45,27,400,9
0.01,0.46,27,400,9
0.01,0.47,27,400,9
0.01,0.48,27,400,9
0.01,0.49,27,400,9
0.01,0.5,27,400,9
0.02,0,27,4,2
0.02,0.01,27,6,3
0.02,0.02,27,6,3
0.02,0.03,27,6,3
0.02,0.04,27,7,3
0.02,0.05,27,7,3
0.02,0.06,27,7,3
0.02,0.07,27,7,3
0.02,0.08,27,11,6
0.02,0.09,27,11,6
0.02,0.1,27,11,6
0.02,0.11,27,11,6
0.02,0.12,27,11,6
0.02,0.13,27,348,15
0.02,0.14,27,355,15
0.02,0.15,27,367,15
0.02,0.16,27,375,15
0.02,0.17,27,378,11
0.02,0.18,27,383,11
0.02,0.19,27,385,11
0.02,0.2,27,389,11
0.02,0.21,27,393,11
0.02,0.22,27,396,10
0.02,0.23,27,398,10
0.02,0.24,27,398,10
0.02,0.25,27,398,10
0.02,0.26,27,399,10
0.02,0.27,27,399,10
0.02,0.28,27,400,9
0.02,0.29,27,400,9
0.02,0.3,27,400,9
0.02,0.31,27,400,9
0.02,0.32,27,400,9
0.02,0.33,27,400,9
0.02,0.34,27,400,9
0.02,0.35,27,400,9
0.02,0.36,27,400,9
0.02,0.37,27,400,9
0.02,0.38,27,400,9
0.02,0.39,27,400,9
0.02,0.4,27,400,9
0.02,0.41,27,400,9
0.02,0.42,27,400,9
0.02,0.43,27,400,9
0.02,0.44,27,400,9
0.02,0.45,27,400,9
0.02,0.46,27,400,9
0.02,0.47,27,400,9
0.02,0.48,27,400,9
0.02,0.49,27,400,9
0.02,0.5,27,400,9
0.03,0,27,4,2
0.03,0.01,27,6,3
0.03,0.02,27,6,3
0.03,0.03,27,6,3
0.03,0.04,27,7,3
0.03,0.05,27,7,3
0.03,0.06,27,7,3
0.03,0.07,27,7,3
0.03,0.08,27,11,6
0.03,0.09,27,11,6
0.03,0.1,27,11,6
0.03,0.11,27,11,6
0.03,0.12,27,11,6
0.03,0.13,27,349,15
0.03,0.14,27,356,15
0.03,0.15,27,367,15
0.03,0.16,27,375,15
0.03,0.17,27,378,11
0.03,0.18,27,383,11
0.03,0.19,27,385,11
0.03,0.2,27,389,11
0.03,0.21,27,393,11
0.03,0.22,27,396,10
0.03,0.23,27,398,10
0.03,0.24,27,398,10
0.03,0.25,27,398,10
0.03,0.26,27,399,10
0.03,0.27,27,399,10
0.03,0.28,27,400,9
0.03,0.29,27,400,9
0.03,0.3,27,400,9
0.03,0.31,27,400,9
0.03,0.32,27,400,9
0.03,0.33,27,400,9
0.03,0.34,27,400,9
0.03,0.35,27,400,9
0.03,0.36,27,400,9
0.03,0.37,27,400,9
0.03,0.38,27,400,9
0.03,0.39,27,400,9
0.03,0.4,27,400,9
0.03,0.41,27,400,9
0.03,0.42,27,400,9
0.03,0.43,27,400,9
0.03,0.44,27,400,9
0.03,0.45,27,400,9
0.03,0.46,27,400,9
0.03,0.47,27,400,9
0.03,0.48,27,400,9
0.03,0.49,27,400,9
0.03,0.5,27,400,9
0.04,0,27,4,2
0.04,0.01,27,6,3
0.04,0.02,27,6,3
0.04,0.03,27,6,3
0.04,0.04,27,7,3
0.04,0.05,27,7,3
0.04,0.06,27,7,3
0.04,0.07,27,7,3
0.04,0.08,27,11,6
0.04,0.09,27,11,6
0.04,0.1,27,11,6
0.04,0.11,27,11,6
0.04,0.12,27,11,6
0.04,0.13,27,350,15
0.04,0.14,27,357,15
0.04,0.15,27,368,15
0.04,0.16,27,376,15
0.04,0.17,27,379,11
0.04,0.18,27,384,11
0.04,0.19,27,386,11
0.04,0.2,27,390,11
0.04,0.21,27,394,11
0.04,0.22,27,397,10
0.04,0.23,27,399,10
0.04,0.24,27,399,10
0.04,0.25,27,399,10
0.04,0.26,27,400,9
0.04,0.27,27,400,9
0.04,0.28,27,400,9
0.04,0.29,27,400,9
0.04,0.3,27,400,9
0.04,0.31,27,400,9
0.04,0.32,27,400,9
0.04,0.33,27,400,9
0.04,0.34,27,400,9
0.04,0.35,27,400,9
0.04,0.36,27,400,9
0.04,0.37,27,400,9
0.04,0.38,27,400,9
0.04,0.39,27,400,9
0.04,0.4,27,400,9
0.04,0.41,27,400,9
0.04,0.42,27,400,9
0.04,0.43,27,400,9
0.04,0.44,27,400,9
0.04,0.45,27,400,9
0.04,0.46,27,400,9
0.04,0.47,27,400,9
0.04,0.48,27,400,9
0.04,0.49,27,400,9
0.04,0.5,27,400,9
0.05,0,27,4,2
0.05,0.01,27,6,3
0.05,0.02,27,6,3
0.05,0.03,27,6,3
0.05,0.04,27,7,3
0.05,0.05,27,7,3
0.05,0.06,27,7,3
0.05,0.07,27,7,3
0.05,0.08,27,11,6
0.05,0.09,27,11,6
0.05,0.1,27,11,6
0.05,0.11,27,11,6
0.05,0.12,27,11,6
0.05,0.13,27,350,15
0.05,0.14,27,357,15
0.05,0.15,27,368,15
0.05,0.16,27,376,15
0.05,0.17,27,379,11
0.05,0.18,27,384,11
0.05,0.19,27,386,11
0.05,0.2,27,390,11
0.05,0.21,27,394,11
0.05,0.22,27,397,10
0.05,0.23,27,399,10
0.05,0.24,27,399,10
0.05,0.25,27,399,10
0.05,0.26,27,400,9
0.05,0.27,27,400,9
0.05,0.28,27,400,9
0.05,0.29,27,400,9
0.05,0.3,27,400,9
0.05,0.31,27,400,9
0.05,0.32,27,400,9
0.05,0.33,27,400,9
0.05,0.34,27,400,9
0.05,0.35,27,400,9
0.05,0.36,27,400,9
0.05,0.37,27,400,9
0.05,0.38,27,400,9
0.05,0.39,27,400,9
0.05,0.4,27,400,9
0.05,0.41,27,400,9
0.05,0.42,27,400,9
0.05,0.43,27,400,9
0.05,0.44,27,400,9
0.05,0.45,27,400,9
0.05,0.46,27,400,9
0.05,0.47,27,400,9
0.05,0.48,27,400,9
0.05,0.49,27,400,9
0.05,0.5,27,400,9
0.06,0,27,5,3
0.06,0.01,27,6,3
0.06,0.02,27,6,3
0.06,0.03,27,6,3
0.06,0.04,27,7,3
0.06,0.05,27,7,3
0.06,0.06,27,7,3
0.06,0.07,27,7,3
0.06,0.08,27,11,6
0.06,0.09,27,11,6
0.06,0.1,27,11,6
0.06,0.11,27,11,6
0.06,0.12,27,11,6
0.06,0.13,27,350,15
0.06,0.14,27,357,15
0.06,0.15,27,368,15
0.06,0.16,27,376,15
0.06,0.17,27,379,11
0.06,0.18,27,384,11
0.06,0.19,27,386,11
0.06,0.2,27,390,11
0.06,0.21,27,394,11
0.06,0.22,27,397,10
0.06,0.23,27,399,10
0.06,0.24,27,399,10
0.06,0.25,27,399,10
0.06,0.26,27,400,9
0.06,0.27,27,400,9
0.06,0.28,27,400,9
0.06,0.29,27,400,9
0.06,0.3,27,400,9
0.06,0.31,27,400,9
0.06,0.32,27,400,9
0.06,0.33,27,400,9
0.06,0.34,27,400,9
0.06,0.35,27,400,9
0.06,0.36,27,400,9
0.06,0.37,27,400,9
0.06,0.38,27,400,9
0.06,0.39,27,400,9
0.06,0.4,27,400,9
0.06,0.41,27,400,9
0.06,0.42,27,400,9
0.06,0.43,27,400,9
0.06,0.44,27,400,9
0.06,0.45,27,400,9
0.06,0.46,27,400,9
0.06,0.47,27,400,9
0.06,0.48,27,400,9
0.06,0.49,27,400,9
0.06,0.5,27,400,9
0.07,0,27,5,3
0.07,0.01,27,6,3
0.07,0.02,27,6,3
0.07,0.03,27,6,3
0.07,0.04,27,7,3
0.07,0.05,27,7,3
0.07,0.06,27,7,3
0.07,0.07,27,7,3
0.07,0.08,27,11,6
0.07,0.09,27,11,6
0.07,0.1,27,11,6
0.07,0.11,27,11,6
0.07,0.12,27,11,6
0.07,0.13,27,350,15
0.07,0.14,27,357,15
0.07,0.15,27,368,15
0.07,0.16,27,376,15
0.07,0.17,27,379,11
0.07,0.18,27,384,11
0.07,0.19,27,386,11
0.07,0.2,27,390,11
0.07,0.21,27,394,11
0.07,0.22,27,397,10
0.07,0.23,27,399,10
0.07,0.24,27,399,10
0.07,0.25,27,399,10
0.07,0.26,27,400,9
0.07,0.27,27,400,9
0.07,0.28,27,400,9
0.07,0.29,27,400,9
0.07,0.3,27,400,9
0.07,0.31,27,400,9
0.07,0.32,27,400,9
0.07,0.33,27,400,9
0.07,0.34,27,400,9
0.07,0.35,27,400,9
0.07,0.36,27,400,9
0.07,0.37,27,400,9
0.07,0.38,27,400,9
0.07,0.39,27,400,9
0.07,0.4,27,400,9
0.07,0.41,27,400,9
0.07,0.42,27,400,9
0.07,0.43,27,400,9
0.07,0.44,27,400,9
0.07,0.45,27,400,9
0.07,0.46,27,400,9
0.07,0.47,27,400,9
0.07,0.48,27,400,9
0.07,0.49,27,400,9
0.07,0.5,27,400,9
0.08,0,27,5,3
0.08,0.01,27,6,3
0.08,0.02,27,6,3
0.08,0.03,27,6,3
0.08,0.04,27,7,3
0.08,0.05,27,7,3
0.08,0.06,27,7,3
0.08,0.07,27,7,3
0.08,0.08,27,11,6
0.08,0.09,27,11,6
0.08,0.1,27,11,6
0.08,0.11,27,11,6
0.08,0.12,27,11,6
0.08,0.13,27,352,15
0.08,0.14,27,359,15
0.08,0.15,27,369,15
0.08,0.16,27,377,15
0.08,0.17,27,380,11
0.08,0.18,27,385,11
0.08,0.19,27,387,11
0.08,0.2,27,391,11
0.08,0.21,27,395,11
0.08,0.22,27,398,10
0.08,0.23,27,399,10
0.08,0.24,27,399,10
0.08,0.25,27,399,10
0.08,0.26,27,400,9
0.08,0.27,27,400,9
0.08,0.28,27,400,9
0.08,0.29,27,400,9
0.08,0.3,27,400,9
0.08,0.31,27,400,9
0.08,0.32,27,400,9
0.08,0.33,27,400,9
0.08,0.34,27,400,9
0.08,0.35,27,400,9
0.08,0.36,27,400,9
0.08,0.37,27,400,9
0.08,0.38,27,400,9
0.08,0.39,27,400,9
0.08,0.4,27,400,9
0.08,0.41,27,400,9
0.08,0.42,27,400,9
0.08,0.43,27,400,9
0.08,0.44,27,400,9
0.08,0.45,27,400,9
0.08,0.46,27,400,9
0.08,0.47,27,400,9
0.08,0.48,27,400,9
0.08,0.49,27,400,9
0.08,0.5,27,400,9
0.09,0,27,5,3
0.09,0.01,27,6,3
0.09,0.02,27,6,3
0.09,0.03,27,6,3
0.09,0.04,27,7,3
0.09,0.05,27,7,3
0.09,0.06,27,7,3
0.09,0.07,27,7,3
0.09,0.08,27,11,6
0.09,0.09,27,11,6
0.09,0.1,27,11,6
0.09,0.11,27,11,6
0.09,0.12,27,11,6
0.09,0.13,27,352,15
0.09,0.14,27,359,15
0.09,0.15,27,369,15
0.09,0.16,27,377,15
0.09,0.17,27,380,11
0.09,0.18,27,385,11
0.09,0.19,27,387,11
0.09,0.2,27,391,11
0.09,0.21,27,395,11
0.09,0.22,27,398,10
0.09,0.23,27,399,10
0.09,0.24,27,399,10
0.09,0.25,27,399,10
0.09,0.26,27,400,9
0.09,0.27,27,400,9
0.09,0.28,27,400,9
0.09,0.29,27,400,9
0.09,0.3,27,400,9
0.09,0.31,27,400,9
0.09,0.32,27,400,9
0.09,0.33,27,400,9
0.09,0.34,27,400,9
0.09,0.35,27,400,9
0.09,0.36,27,400,9
0.09,0.37,27,400,9
0.09,0.38,27,400,9
0.09,0.39,27,400,9
0.09,0.4,27,400,9
0.09,0.41,27,400,9
0.09,0.42,27,400,9
0.09,0.43,27,400,9
0.09,0.44,27,400,9
0.09,0.45,27,400,9
0.09,0.46,27,400,9
0.09,0.47,27,400,9
0.09,0.48,27,400,9
0.09,0.49,27,400,9
0.09,0.5,27,400,9
0.1,0,27,5,3
0.1,0.01,27,6,3
0.1,0.02,27,6,3
0.1,0.03,27,6,3
0.1,0.04,27,7,3
0.1,0.05,27,7,3
0.1,0.06,27,7,3
0.1,0.07,27,7,3
0.1,0.08,27,11,6
0.1,0.09,27,11,6
0.1,0.1,27,11,6
0.1,0.11,27,11,6
0.1,0.12,27,11,6
0.1,0.13,27,352,15
0.1,0.14,27,359,15
0.1,0.15,27,369,15
0.1,0.16,27,377,15
0.1,0.17,27,380,11
0.1,0.18,27,385,11
0.1,0.19,27,387,11
0.1,0.2,27,391,11
0.1,0.21,27,395,11
0.1,0.22,27,398,10
0.1,0.23,27,399,10
0.1,0.24,27,399,10
0.1,0.25,27,399,10
0.1,0.26,27,400,9
0.1,0.27,27,400,9
0.1,0.28,27,400,9
0.1,0.29,27,400,9
0.1,0.3,27,400,9
0.1,0.31,27,400,9
0.1,0.32,27,400,9
0.1,0.33,27,400,9
0.1,0.34,27,400,9
0.1,0.35,27,400,9
0.1,0.36,27,400,9
0.1,0.37,27,400,9
0.1,0.38,27,400,9
0.1,0.39,27,400,9
0.1,0.4,27,400,9
0.1,0.41,27,400,9
0.1,0.42,27,400,9
0.1,0.43,27,400,9
0.1,0.44,27,400,9
0.1,0.45,27,400,9
0.1,0.46,27,400,9
0.1,0.47,27,400,9
0.1,0.48,27,400,9
0.1,0.49,27,400,9
0.1,0.5,27,400,9
0.11,0,27,5,3
0.11,0.01,27,6,3
0.11,0.02,27,6,3
0.11,0.03,27,6,3
0.11,0.04,27,7,3
0.11,0.05,27,7,3
0.11,0.06,27,7,3
0.11,0.07,27,7,3
0.11,0.08,27,11,6
0.11,0.09,27,11,6
0.11,0.1,27,11,6
0.11,0.11,27,11,6
0.11,0.12,27,11,6
0.11,0.13,27,352,15
0.11,0.14,27,359,15
0.11,0.15,27,369,15
0.11,0.16,27,377,15
0.11,0.17,27,380,11
0.11,0.18,27,385,11
0.11,0.19,27,387,11
0.11,0.2,27,391,11
0.11,0.21,27,395,11
0.11,0.22,27,398,10
0.11,0.23,27,399,10
0.11,0.24,27,399,10
0.11,0.25,27,399,10
0.11,0.26,27,400,9
0.11,0.27,27,400,9
0.11,0.28,27,400,9
0.11,0.29,27,400,9
0.11,0.3,27,400,9
0.11,0.31,27,400,9
0.11,0.32,27,400,9
0.11,0.33,27,400,9
0.11,0.34,27,400,9
0.11,0.35,27,400,9
0.11,0.36,27,400,9
0.11,0.37,27,400,9
0.11,0.38,27,400,9
0.11,0.39,27,400,9
0.11,0.4,27,400,9
0.11,0.41,27,400,9
0.11,0.42,27,400,9
0.11,0.43,27,400,9
0.11,0.44,27,400,9
0.11,0.45,27,400,9
0.11,0.46,27,400,9
0.11,0.47,27,400,9
0.11,0.48,27,400,9
0.11,0.49,27,400,9
0.11,0.5,27,400,9
0.12,0,27,5,3
0.12,0.01,27,6,3
0.12,0.02,27,6,3
0.12,0.03,27,6,3
0.12,0.04,27,7,3
0.12,0.05,27,7,3
0.12,0.06,27,7,3
0.12,0.07,27,7,3
0.12,0.08,27,11,6
0.12,0.09,27,11,6
0.12,0.1,27,11,6
0.12,0.11,27,11,6
0.12,0.12,27,11,6
0.12,0.13,27,352,15
0.12,0.14,27,359,15
0.12,0.15,27,369,15
0.12,0.16,27,377,15
0.12,0.17,27,380,11
0.12,0.18,27,385,11
0.12,0.19,27,387,11
0.12,0.2,27,391,11
0.12,0.21,27,395,11
0.12,0.22,27,398,10
0.12,0.23,27,399,10
0.12,0.24,27,399,10
0.12,0.25,27,399,10
0.12,0.26,27,400,9
0.12,0.27,27,400,9
0.12,0.28,27,400,9
0.12,0.29,27,400,9
0.12,0.3,27,400,9
0.12,0.31,27,400,9
0.12,0.32,27,400,9
0.12,0.33,27,400,9
0.12,0.34,27,400,9
0.12,0.35,27,400,9
0.12,0.36,27,400,9
0.12,0.37,27,400,9
0.12,0.38,27,400,9
0.12,0.39,27,400,9
0.12,0.4,27,400,9
0.12,0.41,27,400,9
0.12,0.42,27,400,9
0.12,0.43,27,400,9
0.12,0.44,27,400,9
0.12,0.45,27,400,9
0.12,0.46,27,400,9
0.12,0.47,27,400,9
0.12,0.48,27,400,9
0.12,0.49,27,400,9
0.12,0.5,27,400,9
0.13,0,27,5,3
0.13,0.01,27,6,3
0.13,0.02,27,6,3
0.13,0.03,27,6,3
0.13,0.04,27,7,3
0.13,0.05,27,7,3
0.13,0.06,27,7,3
0.13,0.07,27,7,3
0.13,0.08,27,11,6
0.13,0.09,27,11,6
0.13,0.1,27,11,6
0.13,0.11,27,11,6
0.13,0.12,27,11,6
0.13,0.13,27,352,15
0.13,0.14,27,359,15
0.13,0.15,27,369,15
0.13,0.16,27,377,15
0.13,0.17,27,380,11
0.13,0.18,27,385,11
0.13,0.19,27,387,11
0.13,0.2,27,391,11
0.13,0.21,27,395,11
0.13,0.22,27,398,10
0.13,0.23,27,399,10
0.13,0.24,27,399,10
0.13,0.25,27,399,10
0.13,0.26,27,400,9
0.13,0.27,27,400,9
0.13,0.28,27,400,9
0.13,0.29,27,400,9
0.13,0.3,27,400,9
0.13,0.31,27,400,9
0.13,0.32,27,400,9
0.13,0.33,27,400,9
0.13,0.34,27,400,9
0.13,0.35,27,400,9
0.13,0.36,27,400,9
0.13,0.37,27,400,9
0.13,0.38,27,400,9
0.13,0.39,27,400,9
0.13,0.4,27,400,9
0.13,0.41,27,400,9
0.13,0.42,27,400,9
0.13,0.43,27,400,9
0.13,0.44,27,400,9
0.13,0.45,27,400,9
0.13,0.46,27,400,9
0.13,0.47,27,400,9
0.13,0.48,27,400,9
0.13,0.49,27,400,9
0.13,0.5,27,400,9
0.14,0,27,5,3
0.14,0.01,27,6,3
0.14,0.02,27,6,3
0.14,0.03,27,6,3
0.14,0.04,27,7,3
0.14,0.05,27,7,3
0.14,0.06,27,7,3
0.14,0.07,27,7,3
0.14,0.08,27,11,6
0.14,0.09,27,11,6
0.14,0.1,27,11,6
0.14,0.11,27,11,6
0.14,0.12,27,11,6
0.14,0.13,27,353,15
0.14,0.14,27,360,15
0.14,0.15,27,370,15
0.14,0.16,27,378,15
0.14,0.17,27,381,11
0.14,0.18,27,385,11
0.14,0.19,27,387,11
0.14,0.2,27,391,11
0.14,0.21,27,395,11
0.14,0.22,27,398,10
0.14,0.23,27,399,10
0.14,0.24,27,399,10
0.14,0.25,27,399,10
0.14,0.26,27,400,9
0.14,0.27,27,400,9
0.14,0.28,27,400,9
0.14,0.29,27,400,9
0.14,0.3,27,400,9
0.14,0.31,27,400,9
0.14,0.32,27,400,9
0.14,0.33,27,400,9
0.14,0.34,27,400,9
0.14,0.35,27,400,9
0.14,0.36,27,400,9
0.14,0.37,27,400,9
0.14,0.38,27,400,9
0.14,0.39,27,400,9
0.14,0.4,27,400,9
0.14,0.41,27,400,9
0.14,0.42,27,400,9
0.14,0.43,27,400,9
0.14,0.44,27,400,9
0.14,0.45,27,400,9
0.14,0.46,27,400,9
0.14,0.47,27,400,9
0.14,0.48,27,400,9
0.14,0.49,27,400,9
0.14,0.5,27,400,9
0.15,0,27,5,3
0.15,0.01,27,6,3
0.15,0.02,27,6,3
0.15,0.03,27,6,3
0.15,0.04,27,7,3
0.15,0.05,27,7,3
0.15,0.06,27,7,3
0.15,0.07,27,7,3
0.15,0.08,27,11,6
0.15,0.09,27,11,6
0.15,0.1,27,11,6
0.15,0.11,27,11,6
0.15,0.12,27,11,6
0.15,0.13,27,353,15
0.15,0.14,27,360,15
0.15,0.15,27,370,15
0.15,0.16,27,378,15
0.15,0.17,27,381,11
0.15,0.18,27,385,11
0.15,0.19,27,387,11
0.15,0.2,27,391,11
0.15,0.21,27,395,11
0.15,0.22,27,398,10
0.15,0.23,27,399,10
0.15,0.24,27,399,10
0.15,0.25,27,399,10
0.15,0.26,27,400,9
0.15,0.27,27,400,9
0.15,0.28,27,400,9
0.15,0.29,27,400,9
0.15,0.3,27,400,9
0.15,0.31,27,400,9
0.15,0.32,27,400,9
0.15,0.33,27,400,9
0.15,0.34,27,400,9
0.15,0.35,27,400,9
0.15,0.36,27,400,9
0.15,0.37,27,400,9
0.15,0.38,27,400,9
0.15,0.39,27,400,9
0.15,0.4,27,400,9
0.15,0.41,27,400,9
0.15,0.42,27,400,9
0.15,0.43,27,400,9
0.15,0.44,27,400,9
0.15,0.45,27,400,9
0.15,0.46,27,400,9
0.15,0.47,27,400,9
0.15,0.48,27,400,9
0.15,0.49,27,400,9
0.15,0.5,27,400,9
0.16,0,27,5,3
0.16,0.01,27,6,3
0.16,0.02,27,6,3
0.16,0.03,27,6,3
0.16,0.04,27,7,3
0.16,0.05,27,7,3
0.16,0.06,27,7,3
0.16,0.07,27,7,3
0.16,0.08,27,11,6
0.16,0.09,27,11,6
0.16,0.1,27,11,6
0.16,0.11,27,11,6
0.16,0.12,27,11,6
0.16,0.13,27,353,15
0.16,0.14,27,360,15
0.16,0.15,27,370,15
0.16,0.16,27,378,15
0.16,0.17,27,381,11
0.16,0.18,27,385,11
0.16,0.19,27,387,11
0.16,0.2,27,391,11
0.16,0.21,27,395,11
0.16,0.22,27,398,10
0.16,0.23,27,399,10
0.16,0.24,27,399,10
0.16,0.25,27,399,10
0.16,0.26,27,400,9
0.16,0.27,27,400,9
0.16,0.28,27,400,9
0.16,0.29,27,400,9
0.16,0.3,27,400,9
0.16,0.31,27,400,9
0.16,0.32,27,400,9
0.16,0.33,27,400,9
0.16,0.34,27,400,9
0.16,0.35,27,400,9
0.16,0.36,27,400,9
0.16,0.37,27,400,9
0.16,0.38,27,400,9
0.16,0.39,27,400,9
0.16,0.4,27,400,9
0.16,0.41,27,400,9
0.16,0.42,27,400,9
0.16,0.43,27,400,9
0.16,0.44,27,400,9
0.16,0.45,27,400,9
0.16,0.46,27,400,9
0.16,0.47,27,400,9
0.16,0.48,27,400,9
0.16,0.49,27,400,9
0.16,0.5,27,400,9
0.17,0,27,5,3
0.17,0.01,27,6,3
0.17,0.02,27,6,3
0.17,0.03,27,6,3
0.17,0.04,27,7,3
0.17,0.05,27,7,3
0.17,0.06,27,7,3
0.17,0.07,27,7,3
0.17,0.08,27,11,6
0.17,0.09,27,11,6
0.17,0.1,27,11,6
0.17,0.11,27,11,6
0.17,0.12,27,11,6
0.17,0.13,27,353,15
0.17,0.14,27,360,15
0.17,0.15,27,370,15
0.17,0.16,27,378,15
0.17,0.17,27,381,11
0.17,0.18,27,385,11
0.17,0.19,27,387,11
0.17,0.2,27,391,11
0.17,0.21,27,395,11
0.17,0.22,27,398,10
0.17,0.23,27,399,10
0.17,0.24,27,399,10
0.17,0.25,27,399,10
0.17,0.26,27,400,9
0.17,0.27,27,400,9
0.17,0.28,27,400,9
0.17,0.29,27,400,9
0.17,0.3,27,400,9
0.17,0.31,27,400,9
0.17,0.32,27,400,9
0.17,0.33,27,400,9
0.17,0.34,27,400,9
0.17,0.35,27,400,9
0.17,0.36,27,400,9
0.17,0.37,27,400,9
0.17,0.38,27,400,9
0.17,0.39,27,400,9
0.17,0.4,27,400,9
0.17,0.41,27,400,9
0.17,0.42,27,400,9
0.17,0.43,27,400,9
0.17,0.44,27,400,9
0.17,0.45,27,400,9
0.17,0.46,27,400,9
0.17,0.47,27,400,9
0.17,0.48,27,400,9
0.17,0.49,27,400,9
0.17,0.5,27,400,9
0.18,0,27,5,3
0.18,0.01,27,6,3
0.18,0.02,27,6,3
0.18,0.03,27,6,3
0.18,0.04,27,7,3
0.18,0.05,27,7,3
0.18,0.06,27,7,3
0.18,0.07,27,7,3
0.18,0.08,27,11,6
0.18,0.09,27,11,6
0.18,0.1,27,11,6
0.18,0.11,27,11,6
0.18,0.12,27,11,6
0.18,0.13,27,353,15
0.18,0.14,27,360,15
0.18,0.15,27,370,15
0.18,0.16,27,378,15
0.18,0.17,27,381,11
0.18,0.18,27,385,11
0.18,0.19,27,387,11
0.18,0.2,27,391,11
0.18,0.21,27,395,11
0.18,0.22,27,398,10
0.18,0.23,27,399,10
0.18,0.24,27,399,10
0.18,0.25,27,399,10
0.18,0.26,27,400,9
0.18,0.27,27,400,9
0.18,0.28,27,400,9
0.18,0.29,27,400,9
0.18,0.3,27,400,9
0.18,0.31,27,400,9
0.18,0.32,27,400,9
0.18,0.33,27,400,9
0.18,0.34,27,400,9
0.18,0.35,27,400,9
0.18,0.36,27,400,9
0.18,0.37,27,400,9
0.18,0.38,27,400,9
0.18,0.39,27,400,9
0.18,0.4,27,400,9
0.18,0.41,27,400,9
0.18,0.42,27,400,9
0.18,0.43,27,400,9
0.18,0.44,27,400,9
0.18,0.45,27,400,9
0.18,0.46,27,400,9
0.18,0.47,27,400,9
0.18,0.48,27,400,9
0.18,0.49,27,400,9
0.18,0.5,27,400,9
0.19,0,27,5,3
0.19,0.01,27,6,3
0.19,0.02,27,6,3
0.19,0.03,27,6,3
0.19,0.04,27,7,3
0.19,0.05,27,7,3
0.19,0.06,27,7,3
0.19,0.07,27,7,3
0.19,0.08,27,11,6
0.19,0.09,27,11,6
0.19,0.1,27,11,6
0.19,0.11,27,11,6
0.19,0.12,27,11,6
0.19,0.13,27,353,15
0.19,0.14,27,360,15
0.19,0.15,27,370,15
0.19,0.16,27,378,15
0.19,0.17,27,381,11
0.19,0.18,27,385,11
0.19,0.19,27,387,11
0.19,0.2,27,391,11
0.19,0.21,27,395,11
0.19,0.22,27,398,10
0.19,0.23,27,399,10
0.19,0.24,27,399,10
0.19,0.25,27,399,10
0.19,0.26,27,400,9
0.19,0.27,27,400,9
0.19,0.28,27,400,9
0.19,0.29,27,400,9
0.19,0.3,27,400,9
0.19,0.31,27,400,9
0.19,0.32,27,400,9
0.19,0.33,27,400,9
0.19,0.34,27,400,9
0.19,0.35,27,400,9
0.19,0.36,27,400,9
0.19,0.37,27,400,9
0.19,0.38,27,400,9
0.19,0.39,27,400,9
0.19,0.4,27,400,9
0.19,0.41,27,400,9
0.19,0.42,27,400,9
0.19,0.43,27,400,9
0.19,0.44,27,400,9
0.19,0.45,27,400,9
0.19,0.46,27,400,9
0.19,0.47,27,400,9
0.19,0.48,27,400,9
0.19,0.49,27,400,9
0.19,0.5,27,400,9
0.2,0,27,5,3
0.2,0.01,27,6,3
0.2,0.02,27,6,3
0.2,0.03,27,6,3
0.2,0.04,27,7,3
0.2,0.05,27,7,3
0.2,0.06,27,7,3
0.2,0.07,27,7,3
0.2,0.08,27,11,6
0.2,0.09,27,11,6
0.2,0.1,27,11,6
0.2,0.11,27,11,6
0.2,0.12,27,11,6
0.2,0.13,27,354,15
0.2,0.14,27,361,15
0.2,0.15,27,371,15
0.2,0.16,27,379,15
0.2,0.17,27,382,11
0.2,0.18,27,386,11
0.2,0.19,27,387,11
0.2,0.2,27,391,11
0.2,0.21,27,395,11
0.2,0.22,27,398,10
0.2,0.23,27,399,10
0.2,0.24,27,399,10
0.2,0.25,27,399,10
0.2,0.26,27,400,9
0.2,0.27,27,400,9
0.2,0.28,27,400,9
0.2,0.29,27,400,9
0.2,0.3,27,400,9
0.2,0.31,27,400,9
0.2,0.32,27,400,9
0.2,0.33,27,400,9
0.2,0.34,27,400,9
0.2,0.35,27,400,9
0.2,0.36,27,400,9
0.2,0.37,27,400,9
0.2,0.38,27,400,9
0.2,0.39,27,400,9
0.2,0.4,27,400,9
0.2,0.41,27,400,9
0.2,0.42,27,400,9
0.2,0.43,27,400,9
0.2,0.44,27,400,9
0.2,0.45,27,400,9
0.2,0.46,27,400,9
0.2,0.47,27,400,9
0.2,0.48,27,400,9
0.2,0.49,27,400,9
0.2,0.5,27,400,9
0.21,0,27,5,3
0.21,0.01,27,6,3
0.21,0.02,27,6,3
0.21,0.03,27,6,3
0.21,0.04,27,7,3
0.21,0.05,27,7,3
0.21,0.06,27,7,3
0.21,0.07,27,7,3
0.21,0.08,27,11,6
0.21,0.09,27,11,6
0.21,0.1,27,11,6
0.21,0.11,27,11,6
0.21,0.12,27,11,6
0.21,0.13,27,354,15
0.21,0.14,27,361,15
0.21,0.15,27,371,15
0.21,0.16,27,379,15
0.21,0.17,27,382,11
0.21,0.18,27,386,11
0.21,0.19,27,387,11
0.21,0.2,27,391,11
0.21,0.21,27,395,11
0.21,0.22,27,398,10
0.21,0.23,27,399,10
0.21,0.24,27,399,10
0.21,0.25,27,399,10
0.21,0.26,27,400,9
0.21,0.27,27,400,9
0.21,0.28,27,400,9
0.21,0.29,27,400,9
0.21,0.3,27,400,9
0.21,0.31,27,400,9
0.21,0.32,27,400,9
0.21,0.33,27,400,9
0.21,0.34,27,400,9
0.21,0.35,27,400,9
0.21,0.36,27,400,9
0.21,0.37,27,400,9
0.21,0.38,27,400,9
0.21,0.39,27,400,9
0.21,0.4,27,400,9
0.21,0.41,27,400,9
0.21,0.42,27,400,9
0.21,0.43,27,400,9
0.21,0.44,27,400,9
0.21,0.45,27,400,9
0.21,0.46,27,400,9
0.21,0.47,27,400,9
0.21,0.48,27,400,9
0.21,0.49,27,400,9
0.21,0.5,27,400,9
0.22,0,27,5,3
0.22,0.01,27,6,3
0.22,0.02,27,6,3
0.22,0.03,27,6,3
0.22,0.04,27,7,3
0.22,0.05,27,7,3
0.22,0.06,27,7,3
0.22,0.07,27,7,3
0.22,0.08,27,11,6
0.22,0.09,27,11,6
0.22,0.1,27,11,6
0.22,0.11,27,11,6
0.22,0.12,27,11,6
0.22,0.13,27,354,15
0.22,0.14,27,361,15
0.22,0.15,27,371,15
0.22,0.16,27,379,15
0.22,0.17,27,382,11
0.22,0.18,27,386,11
0.22,0.19,27,387,11
0.22,0.2,27,391,11
0.22,0.21,27,395,11
0.22,0.22,27,398,10
0.22,0.23,27,399,10
0.22,0.24,27,399,10
0.22,0.25,27,399,10
0.22,0.26,27,400,9
0.22,0.27,27,400,9
0.22,0.28,27,400,9
0.22,0.29,27,400,9
0.22,0.3,27,400,9
0.22,0.31,27,400,9
0.22,0.32,27,400,9
0.22,0.33,27,400,9
0.22,0.34,27,400,9
0.22,0.35,27,400,9
0.22,0.36,27,400,9
0.22,0.37,27,400,9
0.22,0.38,27,400,9
0.22,0.39,27,400,9
0.22,0.4,27,400,9
0.22,0.41,27,400,9
0.22,0.42,27,400,9
0.22,0.43,27,400,9
0.22,0.44,27,400,9
0.22,0.45,27,400,9
0.22,0.46,27,400,9
0.22,0.47,27,400,9
0.22,0.48,27,400,9
0.22,0.49,27,400,9
0.22,0.5,27,400,9
0.23,0,27,5,3
0.23,0.01,27,6,3
0.23,0.02,27,6,3
0.23,0.03,27,6,3
0.23,0.04,27,7,3
0.23,0.05,27,7,3
0.23,0.06,27,7,3
0.23,0.07,27,7,3
0.23,0.08,27,11,6
0.23,0.09,27,11,6
0.23,0.1,27,11,6
0.23,0.11,27,11,6
0.23,0.12,27,11,6
0.23,0.13,27,354,15
0.23,0.14,27,361,15
0.23,0.15,27,371,15
0.23,0.16,27,379,15
0.23,0.17,27,382,11
0.23,0.18,27,386,11
0.23,0.19,27,387,11
0.23,0.2,27,391,11
0.23,0.21,27,395,11
0.23,0.22,27,398,10
0.23,0.23,27,399,10
0.23,0.24,27,399,10
0.23,0.25,27,399,10
0.23,0.26,27,400,9
0.23,0.27,27,400,9
0.23,0.28,27,400,9
0.23,0.29,27,400,9
0.23,0.3,27,400,9
0.23,0.31,27,400,9
0.23,0.32,27,400,9
0.23,0.33,27,400,9
0.23,0.34,27,400,9
0.23,0.35,27,400,9
0.23,0.36,27,400,9
0.23,0.37,27,400,9
0.23,0.38,27,400,9
0.23,0.39,27,400,9
0.23,0.4,27,400,9
0.23,0.41,27,400,9
0.23,0.42,27,400,9
0.23,0.43,27,400,9
0.23,0.44,27,400,9
0.23,0.45,27,400,9
0.23,0.46,27,400,9
0.23,0.47,27,400,9
0.23,0.48,27,400,9
0.23,0.49,27,400,9
0.23,0.5,27,400,9
0.24,0,27,8,5
0.24,0.01,27,9,5
0.24,0.02,27,9,5
0.24,0.03,27,9,5
0.24,0.04,27,10,5
0.24,0.05,27,10,5
0.24,0.06,27,10,5
0.24,0.07,27,10,5
0.24,0.08,27,15,6
0.24,0.09,27,15,6
0.24,0.1,27,15,6
0.24,0.11,27,15,6
0.24,0.12,27,15,6
0.24,0.13,27,354,15
0.24,0.14,27,361,15
0.24,0.15,27,371,15
0.24,0.16,27,379,15
0.24,0.17,27,382,11
0.24,0.18,27,386,11
0.24,0.19,27,387,11
0.24,0.2,27,391,11
0.24,0.21,27,395,11
0.24,0.22,27,398,10
0.24,0.23,27,399,10
0.24,0.24,27,399,10
0.24,0.25,27,399,10
0.24,0.26,27,400,9
0.24,0.27,27,400,9
0.24,0.28,27,400,9
0.24,0.29,27,400,9
0.24,0.3,27,400,9
0.24,0.31,27,400,9
0.24,0.32,27,400,9
0.24,0.33,27,400,9
0.24,0.34,27,400,9
0.24,0.35,27,400,9
0.24,0.36,27,400,9
0.24,0.37,27,400,9
0.24,0.38,27,400,9
0.24,0.39,27,400,9
0.24,0.4,27,400,9
0.24,0.41,27,400,9
0.24,0.42,27,400,9
0.24,0.43,27,400,9
0.24,0.44,27,400,9
0.24,0.45,27,400,9
0.24,0.46,27,400,9
0.24,0.47,27,400,9
0.24,0.48,27,400,9
0.24,0.49,27,400,9
0.24,0.5,27,400,9
0.25,0,27,8,5
0.25,0.01,27,9,5
0.25,0.02,27,9,5
0.25,0.03,27,9,5
0.25,0.04,27,10,5
0.25,0.05,27,10,5
0.25,0.06,27,10,5
0.25,0.07,27,10,5
0.25,0.08,27,15,6
0.25,0.09,27,15,6
0.25,0.1,27,15,6
0.25,0.11,27,15,6
0.25,0.12,27,15,6
0.25,0.13,27,354,15
0.25,0.14,27,361,15
0.25,0.15,27,371,15
0.25,0.16,27,379,15
0.25,0.17,27,382,11
0.25,0.18,27,386,11
0.25,0.19,27,387,11
0.25,0.2,27,391,11
0.25,0.21,27,395,11
0.25,0.22,27,398,10
0.25,0.23,27,399,10
0.25,0.24,27,399,10
0.25,0.25,27,399,10
0.25,0.26,27,400,9
0.25,0.27,27,400,9
0.25,0.28,27,400,9
0.25,0.29,27,400,9
0.25,0.3,27,400,9
0.25,0.31,27,400,9
0.25,0.32,27,400,9
0.25,0.33,27,400,9
0.25,0.34,27,400,9
0.25,0.35,27,400,9
0.25,0.36,27,400,9
0.25,0.37,27,400,9
0.25,0.38,27,400,9
0.25,0.39,27,400,9
0.25,0.4,27,400,9
0.25,0.41,27,400,9
0.25,0.42,27,400,9
0.25,0.43,27,400,9
0.25,0.44,27,400,9
0.25,0.45,27,400,9
0.25,0.46,27,400,9
0.25,0.47,27,400,9
0.25,0.48,27,400,9
0.25,0.49,27,400,9
0.25,0.5,27,400,9
0.26,0,27,8,5
0.26,0.01,27,9,5
0.26,0.02,27,9,5
0.26,0.03,27,9,5
0.26,0.04,27,10,5
0.26,0.05,27,10,5
0.26,0.06,27,10,5
0.26,0.07,27,10,5
0.26,0.08,27,15,6
0.26,0.09,27,15,6
0.26,0.1,27,15,6
0.26,0.11,27,15,6
0.26,0.12,27,15,6
0.26,0.13,27,354,15
0.26,0.14,27,361,15
0.26,0.15,27,371,15
0.26,0.16,27,379,15
0.26,0.17,27,382,11
0.26,0.18,27,386,11
0.26,0.19,27,387,11
0.26,0.2,27,391,11
0.26,0.21,27,395,11
0.26,0.22,27,398,10
0.26,0.23,27,399,10
0.26,0.24,27,399,10
0.26,0.25,27,399,10
0.26,0.26,27,400,9
0.26,0.27,27,400,9
0.26,0.28,27,400,9
0.26,0.29,27,400,9
0.26,0.3,27,400,9
0.26,0.31,27,400,9
0.26,0.32,27,400,9
0.26,0.33,27,400,9
0.26,0.34,27,400,9
0.26,0.35,27,400,9
0.26,0.36,27,400,9
0.26,0.37,27,400,9
0.26,0.38,27,400,9
0.26,0.39,27,400,9
0.26,0.4,27,400,9
0.26,0.41,27,400,9
0.26,0.42,27,400,9
0.26,0.43,27,400,9
0.26,0.44,27,400,9
0.26,0.45,27,400,9
0.26,0.46,27,400,9
0.26,0.47,27,400,9
0.26,0.48,27,400,9
0.26,0.49,27,400,9
0.26,0.5,27,400,9
0.27,0,27,8,5
0.27,0.01,27,9,5
0.27,0.02,27,9,5
0.27,0.03,27,9,5
0.27,0.04,27,10,5
0.27,0.05,27,10,5
0.27,0.06,27,10,5
0.27,0.07,27,10,5
0.27,0.08,27,15,6
0.27,0.09,27,15,6
0.27,0.1,27,15,6
0.27,0.11,27,15,6
0.27,0.12,27,15,6
0.27,0.13,27,354,15
0.27,0.14,27,361,15
0.27,0.15,27,371,15
0.27,0.16,27,379,15
0.27,0.17,27,382,11
0.27,0.18,27,386,11
0.27,0.19,27,387,11
0.27,0.2,27,391,11
0.27,0.21,27,395,11
0.27,0.22,27,398,10
0.27,0.23,27,399,10
0.27,0.24,27,399,10
0.27,0.25,27,399,10
0.27,0.26,27,400,9
0.27,0.27,27,400,9
0.27,0.28,27,400,9
0.27,0.29,27,400,9
0.27,0.3,27,400,9
0.27,0.31,27,400,9
0.27,0.32,27,400,9
0.27,0.33,27,400,9
0.27,0.34,27,400,9
0.27,0.35,27,400,9
0.27,0.36,27,400,9
0.27,0.37,27,400,9
0.27,0.38,27,400,9
0.27,0.39,27,400,9
0.27,0.4,27,400,9
0.27,0.41,27,400,9
0.27,0.42,27,400,9
0.27,0.43,27,400,9
0.27,0.44,27,400,9
0.27,0.45,27,400,9
0.27,0.46,27,400,9
0.27,0.47,27,400,9
0.27,0.48,27,400,9
0.27,0.49,27,400,9
0.27,0.5,27,400,9
0.28,0,27,8,5
0.28,0.01,27,9,5
0.28,0.02,27,9,5
0.28,0.03,27,9,5
0.28,0.04,27,10,5
0.28,0.05,27,10,5
0.28,0.06,27,10,5
0.28,0.07,27,10,5
0.28,0.08,27,15,6
0.28,0.09,27,15,6
0.28,0.1,27,15,6
0.28,0.11,27,15,6
0.28,0.12,27,15,6
0.28,0.13,27,354,15
0.28,0.14,27,361,15
0.28,0.15,27,371,15
0.28,0.16,27,379,15
0.28,0.17,27,382,11
0.28,0.18,27,386,11
0.28,0.19,27,387,11
0.28,0.2,27,391,11
0.28,0.21,27,395,11
0.28,0.22,27,398,10
0.28,0.23,27,399,10
0.28,0.24,27,399,10
0.28,0.25,27,399,10
0.28,0.26,27,400,9
0.28,0.27,27,400,9
0.28,0.28,27,400,9
0.28,0.29,27,400,9
0.28,0.3,27,400,9
0.28,0.31,27,400,9
0.28,0.32,27,400,9
0.28,0.33,27,400,9
0.28,0.34,27,400,9
0.28,0.35,27,400,9
0.28,0.36,27,400,9
0.28,0.37,27,400,9
0.28,0.38,27,400,9
0.28,0.39,27,400,9
0.28,0.4,27,400,9
0.28,0.41,27,400,9
0.28,0.42,27,400,9
0.28,0.43,27,400,9
0.28,0.44,27,400,9
0.28,0.45,27,400,9
0.28,0.46,27,400,9
0.28,0.47,27,400,9
0.28,0.48,27,400,9
0.28,0.49,27,400,9
0.28,0.5,27,400,9
0.29,0,27,8,5
0.29,0.01,27,9,5
0.29,0.02,27,9,5
0.29,0.03,27,9,5
0.29,0.04,27,10,5
0.29,0.05,27,10,5
0.29,0.06,27,10,5
0.29,0.07,27,10,5
0.29,0.08,27,15,6
0.29,0.09,27,15,6
0.29,0.1,27,15,6
0.29,0.11,27,15,6
0.29,0.12,27,15,6
0.29,0.13,27,354,15
0.29,0.14,27,361,15
0.29,0.15,27,371,15
0.29,0.16,27,379,15
0.29,0.17,27,382,11
0.29,0.18,27,386,11
0.29,0.19,27,387,11
0.29,0.2,27,391,11
0.29,0.21,27,395,11
0.29,0.22,27,398,10
0.29,0.23,27,399,10
0.29,0.24,27,399,10
0.29,0.25,27,399,10
0.29,0.26,27,400,9
0.29,0.27,27,400,9
0.29,0.28,27,400,9
0.29,0.29,27,400,9
0.29,0.3,27,400,9
0.29,0.31,27,400,9
0.29,0.32,27,400,9
0.29,0.33,27,400,9
0.29,0.34,27,400,9
0.29,0.35,27,400,9
0.29,0.36,27,400,9
0.29,0.37,27,400,9
0.29,0.38,27,400,9
0.29,0.39,27,400,9
0.29,0.4,27,400,9
0.29,0.41,27,400,9
0.29,0.42,27,400,9
0.29,0.43,27,400,9
0.29,0.44,27,400,9
0.29,0.45,27,400,9
0.29,0.46,27,400,9
0.29,0.47,27,400,9
0.29,0.48,27,400,9
0.29,0.49,27,400,9
0.29,0.5,27,400,9
0.3,0,27,8,5
0.3,0.01,27,9,5
0.3,0.02,27,9,5
0.3,0.03,27,9,5
0.3,0.04,27,10,5
0.3,0.05,27,10,5
0.3,0.06,27,10,5
0.3,0.07,27,10,5
0.3,0.08,27,15,6
0.3,0.09,27,15,6
0.3,0.1,27,15,6
0.3,0.11,27,15,6
0.3,0.12,27,15,6
0.3,0.13,27,355,15
0.3,0.14,27,362,15
0.3,0.15,27,372,15
0.3,0.16,27,379,15
0.3,0.17,27,382,11
0.3,0.18,27,386,11
0.3,0.19,27,387,11
0.3,0.2,27,391,11
0.3,0.21,27,395,11
0.3,0.22,27,398,10
0.3,0.23,27,399,10
0.3,0.24,27,399,10
0.3,0.25,27,399,10
0.3,0.26,27,400,9
0.3,0.27,27,400,9
0.3,0.28,27,400,9
0.3,0.29,27,400,9
0.3,0.3,27,400,9
0.3,0.31,27,400,9
0.3,0.32,27,400,9
0.3,0.33,27,400,9
0.3,0.34,27,400,9
0.3,0.35,27,400,9
0.3,0.36,27,400,9
0.3,0.37,27,400,9
0.3,0.38,27,400,9
0.3,0.39,27,400,9
0.3,0.4,27,400,9
0.3,0.41,27,400,9
0.3,0.42,27,400,9
0.3,0.43,27,400,9
0.3,0.44,27,400,9
0.3,0.45,27,400,9
0.3,0.46,27,400,9
0.3,0.47,27,400,9
0.3,0.48,27,400,9
0.3,0.49,27,400,9
0.3,0.5,27,400,9
0.31,0,27,8,5
0.31,0.01,27,9,5
0.31,0.02,27,9,5
0.31,0.03,27,9,5
0.31,0.04,27,10,5
0.31,0.05,27,10,5
0.31,0.06,27,10,5
0.31,0.07,27,10,5
0.31,0.08,27,15,6
0.31,0.09,27,15,6
0.31,0.1,27,15,6
0.31,0.11,27,15,6
0.31,0.12,27,15,6
0.31,0.13,27,355,15
0.31,0.14,27,362,15
0.31,0.15,27,372,15
0.31,0.16,27,379,15
0.31,0.17,27,382,11
0.31,0.18,27,386,11
0.31,0.19,27,387,11
0.31,0.2,27,391,11
0.31,0.21,27,395,11
0.31,0.22,27,398,10
0.31,0.23,27,399,10
0.31,0.24,27,399,10
0.31,0.25,27,399,10
0.31,0.26,27,400,9
0.31,0.27,27,400,9
0.31,0.28,27,400,9
0.31,0.29,27,400,9
0.31,0.3,27,400,9
0.31,0.31,27,400,9
0.31,0.32,27,400,9
0.31,0.33,27,400,9
0.31,0.34,27,400,9
0.31,0.35,27,400,9
0.31,0.36,27,400,9
0.31,0.37,27,400,9
0.31,0.38,27,400,9
0.31,0.39,27,400,9
0.31,0.4,27,400,9
0.31,0.41,27,400,9
0.31,0.42,27,400,9
0.31,0.43,27,400,9
0.31,0.44,27,400,9
0.31,0.45,27,400,9
0.31,0.46,27,400,9
0.31,0.47,27,400,9
0.31,0.48,27,400,9
0.31,0.49,27,400,9
0.31,0.5,27,400,9
0.32,0,27,8,5
0.32,0.01,27,9,5
0.32,0.02,27,9,5
0.32,0.03,27,9,5
0.32,0.04,27,10,5
0.32,0.05,27,10,5
0.32,0.06,27,10,5
0.32,0.07,27,10,5
0.32,0.08,27,15,6
0.32,0.09,27,15,6
0.32,0.1,27,15,6
0.32,0.11,27,15,6
0.32,0.12,27,15,6
0.32,0.13,27,355,15
0.32,0.14,27,362,15
0.32,0.15,27,372,15
0.32,0.16,27,379,15
0.32,0.17,27,382,11
0.32,0.18,27,386,11
0.32,0.19,27,387,11
0.32,0.2,27,391,11
0.32,0.21,27,395,11
0.32,0.22,27,398,10
0.32,0.23,27,399,10
0.32,0.24,27,399,10
0.32,0.25,27,399,10
0.32,0.26,27,400,9
0.32,0.27,27,400,9
0.32,0.28,27,400,9
0.32,0.29,27,400,9
0.32,0.3,27,400,9
0.32,0.31,27,400,9
0.32,0.32,27,400,9
0.32,0.33,27,400,9
0.32,0.34,27,400,9
0.32,0.35,27,400,9
0.32,0.36,27,400,9
0.32,0.37,27,400,9
0.32,0.38,27,400,9
0.32,0.39,27,400,9
0.32,0.4,27,400,9
0.32,0.41,27,400,9
0.32,0.42,27,400,9
0.32,0.43,27,400,9
0.32,0.44,27,400,9
0.32,0.45,27,400,9
0.32,0.46,27,400,9
0.32,0.47,27,400,9
0.32,0.48,27,400,9
0.32,0.49,27,400,9
0.32,0.5,27,400,9
0.33,0,27,8,5
0.33,0.01,27,9,5
0.33,0.02,27,9,5
0.33,0.03,27,9,5
0.33,0.04,27,10,5
0.33,0.05,27,10,5
0.33,0.06,27,10,5
0.33,0.07,27,10,5
0.33,0.08,27,15,6
0.33,0.09,27,15,6
0.33,0.1,27,15,6
0.33,0.11,27,15,6
0.33,0.12,27,15,6
0.33,0.13,27,355,15
0.33,0.14,27,362,15
0.33,0.15,27,372,15
0.33,0.16,27,379,15
0.33,0.17,27,382,11
0.33,0.18,27,386,11
0.33,0.19,27,387,11
0.33,0.2,27,391,11
0.33,0.21,27,395,11
0.33,0.22,27,398,10
0.33,0.23,27,399,10
0.33,0.24,27,399,10
0.33,0.25,27,399,10
0.33,0.26,27,400,9
0.33,0.27,27,400,9
0.33,0.28,27,400,9
0.33,0.29,27,400,9
0.33,0.3,27,400,9
0.33,0.31,27,400,9
0.33,0.32,27,400,9
0.33,0.33,27,400,9
0.33,0.34,27,400,9
0.33,0.35,27,400,9
0.33,0.36,27,400,9
0.33,0.37,27,400,9
0.33,0.38,27,400,9
0.33,0.39,27,400,9
0.33,0.4,27,400,9
0.33,0.41,27,400,9
0.33,0.42,27,400,9
0.33,0.43,27,400,9
0.33,0.44,27,400,9
0.33,0.45,27,400,9
0.33,0.46,27,400,9
0.33,0.47,27,400,9
0.33,0.48,27,400,9
0.33,0.49,27,400,9
0.33,0.5,27,400,9
0.34,0,27,8,5
0.34,0.01,27,9,5
0.34,0.02,27,9,5
0.34,0.03,27,9,5
0.34,0.04,27,10,5
0.34,0.05,27,10,5
0.34,0.06,27,10,5
0.34,0.07,27,10,5
0.34,0.08,27,15,6
0.34,0.09,27,15,6
0.34,0.1,27,15,6
0.34,0.11,27,15,6
0.34,0.12,27,15,6
0.34,0.13,27,356,15
0.34,0.14,27,363,15
0.34,0.15,27,373,15
0.34,0.16,27,379,15
0.34,0.17,27,382,11
0.34,0.18,27,386,11
0.34,0.19,27,387,11
0.34,0.2,27,391,11
0.34,0.21,27,395,11
0.34,0.22,27,398,10
0.34,0.23,27,399,10
0.34,0.24,27,399,10
0.34,0.25,27,399,10
0.34,0.26,27,400,9
0.34,0.27,27,400,9
0.34,0.28,27,400,9
0.34,0.29,27,400,9
0.34,0.3,27,400,9
0.34,0.31,27,400,9
0.34,0.32,27,400,9
0.34,0.33,27,400,9
0.34,0.34,27,400,9
0.34,0.35,27,400,9
0.34,0.36,27,400,9
0.34,0.37,27,400,9
0.34,0.38,27,400,9
0.34,0.39,27,400,9
0.34,0.4,27,400,9
0.34,0.41,27,400,9
0.34,0.42,27,400,9
0.34,0.43,27,400,9
0.34,0.44,27,400,9
0.34,0.45,27,400,9
0.34,0.46,27,400,9
0.34,0.47,27,400,9
0.34,0.48,27,400,9
0.34,0.49,27,400,9
0.34,0.5,27,400,9
0.35,0,27,8,5
0.35,0.01,27,9,5
0.35,0.02,27,9,5
0.35,0.03,27,9,5
0.35,0.04,27,10,5
0.35,0.05,27,10,5
0.35,0.06,27,10,5
0.35,0.07,27,10,5
0.35,0.08,27,15,6
0.35,0.09,27,15,6
0.35,0.1,27,15,6
0.35,0.11,27,15,6
0.35,0.12,27,15,6
0.35,0.13,27,356,15
0.35,0.14,27,363,15
0.35,0.15,27,373,15
0.35,0.16,27,379,15
0.35,0.17,27,382,11
0.35,0.18,27,386,11
0.35,0.19,27,387,11
0.35,0.2,27,391,11
0.35,0.21,27,395,11
0.35,0.22,27,398,10
0.35,0.23,27,399,10
0.35,0.24,27,399,10
0.35,0.25,27,399,10
0.35,0.26,27,400,9
0.35,0.27,27,400,9
0.35,0.28,27,400,9
0.35,0.29,27,400,9
0.35,0.3,27,400,9
0.35,0.31,27,400,9
0.35,0.32,27,400,9
0.35,0.33,27,400,9
0.35,0.34,27,400,9
0.35,0.35,27,400,9
0.35,0.36,27,400,9
0.35,0.37,27,400,9
0.35,0.38,27,400,9
0.35,0.39,27,400,9
0.35,0.4,27,400,9
0.35,0.41,27,400,9
0.35,0.42,27,400,9
0.35,0.43,27,400,9
0.35,0.44,27,400,9
0.35,0.45,27,400,9
0.35,0.46,27,400,9
0.35,0.47,27,400,9
0.35,0.48,27,400,9
0.35,0.49,27,400,9
0.35,0.5,27,400,9
0.36,0,27,8,5
0.36,0.01,27,9,5
0.36,0.02,27,9,5
0.36,0.03,27,9,5
0.36,0.04,27,10,5
0.36,0.05,27,10,5
0.36,0.06,27,10,5
0.36,0.07,27,10,5
0.36,0.08,27,15,6
0.36,0.09,27,15,6
0.36,0.1,27,15,6
0.36,0.11,27,15,6
0.36,0.12,27,15,6
0.36,0.13,27,356,15
0.36,0.14,27,363,15
0.36,0.15,27,373,15
0.36,0.16,27,379,15
0.36,0.17,27,382,11
0.36,0.18,27,386,11
0.36,0.19,27,387,11
0.36,0.2,27,391,11
0.36,0.21,27,395,11
0.36,0.22,27,398,10
0.36,0.23,27,399,10
0.36,0.24,27,399,10
0.36,0.25,27,399,10
0.36,0.26,27,400,9
0.36,0.27,27,400,9
0.36,0.28,27,400,9
0.36,0.29,27,400,9
0.36,0.3,27,400,9
0.36,0.31,27,400,9
0.36,0.32,27,400,9
0.36,0.33,27,400,9
0.36,0.34,27,400,9
0.36,0.35,27,400,9
0.36,0.36,27,400,9
0.36,0.37,27,400,9
0.36,0.38,27,400,9
0.36,0.39,27,400,9
0.36,0.4,27,400,9
0.36,0.41,27,400,9
0.36,0.42,27,400,9
0.36,0.43,27,400,9
0.36,0.44,27,400,9
0.36,0.45,27,400,9
0.36,0.46,27,400,9
0.36,0.47,27,400,9
0.36,0.48,27,400,9
0.36,0.49,27,400,9
0.36,0.5,27,400,9
0.37,0,27,8,5
0.37,0.01,27,9,5
0.37,0.02,27,9,5
0.37,0.03,27,9,5
0.37,0.04,27,10,5
0.37,0.05,27,10,5
0.37,0.06,27,10,5
0.37,0.07,27,10,5
0.37,0.08,27,15,6
0.37,0.09,27,15,6
0.37,0.1,27,15,6
0.37,0.11,27,15,6
0.37,0.12,27,15,6
0.37,0.13,27,356,15
0.37,0.14,27,363,15
0.37,0.15,27,373,15
0.37,0.16,27,379,15
0.37,0.17,27,382,11
0.37,0.18,27,386,11
0.37,0.19,27,387,11
0.37,0.2,27,391,11
0.37,0.21,27,395,11
0.37,0.22,27,398,10
0.37,0.23,27,399,10
0.37,0.24,27,399,10
0.37,0.25,27,399,10
0.37,0.26,27,400,9
0.37,0.27,27,400,9
0.37,0.28,27,400,9
0.37,0.29,27,400,9
0.37,0.3,27,400,9
0.37,0.31,27,400,9
0.37,0.32,27,400,9
0.37,0.33,27,400,9
0.37,0.34,27,400,9
0.37,0.35,27,400,9
0.37,0.36,27,400,9
0.37,0.37,27,400,9
0.37,0.38,27,400,9
0.37,0.39,27,400,9
0.37,0.4,27,400,9
0.37,0.41,27,400,9
0.37,0.42,27,400,9
0.37,0.43,27,400,9
0.37,0.44,27,400,9
0.37,0.45,27,400,9
0.37,0.46,27,400,9
0.37,0.47,27,400,9
0.37,0.48,27,400,9
0.37,0.49,27,400,9
0.37,0.5,27,400,9
0.38,0,27,8,5
0.38,0.01,27,9,5
0.38,0.02,27,9,5
0.38,0.03,27,9,5
0.38,0.04,27,10,5
0.38,0.05,27,10,5
0.38,0.06,27,10,5
0.38,0.07,27,10,5
0.38,0.08,27,15,6
0.38,0.09,27,15,6
0.38,0.1,27,15,6
0.38,0.11,27,15,6
0.38,0.12,27,15,6
0.38,0.13,27,356,15
0.38,0.14,27,363,15
0.38,0.15,27,373,15
0.38,0.16,27,379,15
0.38,0.17,27,382,11
0.38,0.18,27,386,11
0.38,0.19,27,387,11
0.38,0.2,27,391,11
0.38,0.21,27,395,11
0.38,0.22,27,398,10
0.38,0.23,27,399,10
0.38,0.24,27,399,10
0.38,0.25,27,399,10
0.38,0.26,27,400,9
0.38,0.27,27,400,9
0.38,0.28,27,400,9
0.38,0.29,27,400,9
0.38,0.3,27,400,9
0.38,0.31,27,400,9
0.38,0.32,27,400,9
0.38,0.33,27,400,9
0.38,0.34,27,400,9
0.38,0.35,27,400,9
0.38,0.36,27,400,9
0.38,0.37,27,400,9
0.38,0.38,27,400,9
0.38,0.39,27,400,9
0.38,0.4,27,400,9
0.38,0.41,27,400,9
0.38,0.42,27,400,9
0.38,0.43,27,400,9
0.38,0.44,27,400,9
0.38,0.45,27,400,9
0.38,0.46,27,400,9
0.38,0.47,27,400,9
0.38,0.48,27,400,9
0.38,0.49,27,400,9
0.38,0.5,27,400,9
0.39,0,27,8,5
0.39,0.01,27,9,5
0.39,0.02,27,9,5
0.39,0.03,27,9,5
0.39,0.04,27,10,5
0.39,0.05,27,10,5
0.39,0.06,27,10,5
0.39,0.07,27,10,5
0.39,0.08,27,15,6
0.39,0.09,27,15,6
0.39,0.1,27,15,6
0.39,0.11,27,15,6
0.39,0.12,27,15,6
0.39,0.13,27,357,15
0.39,0.14,27,363,15
0.39,0.15,27,373,15
0.39,0.16,27,379,15
0.39,0.17,27,382,11
0.39,0.18,27,386,11
0.39,0.19,27,387,11
0.39,0.2,27,391,11
0.39,0.21,27,395,11
0.39,0.22,27,398,10
0.39,0.23,27,399,10
0.39,0.24,27,399,10
0.39,0.25,27,399,10
0.39,0.26,27,400,9
0.39,0.27,27,400,9
0.39,0.28,27,400,9
0.39,0.29,27,400,9
0.39,0.3,27,400,9
0.39,0.31,27,400,9
0.39,0.32,27,400,9
0.39,0.33,27,400,9
0.39,0.34,27,400,9
0.39,0.35,27,400,9
0.39,0.36,27,400,9
0.39,0.37,27,400,9
0.39,0.38,27,400,9
0.39,0.39,27,400,9
0.39,0.4,27,400,9
0.39,0.41,27,400,9
0.39,0.42,27,400,9
0.39,0.43,27,400,9
0.39,0.44,27,400,9
0.39,0.45,27,400,9
0.39,0.46,27,400,9
0.39,0.47,27,400,9
0.39,0.48,27,400,9
0.39,0.49,27,400,9
0.39,0.5,27,400,9
0.4,0,27,10,5
0.4,0.01,27,11,5
0.4,0.02,27,11,5
0.4,0.03,27,12,5
0.4,0.04,27,14,6
0.4,0.05,27,14,6
0.4,0.06,27,15,6
0.4,0.07,27,15,6
0.4,0.08,27,15,6
0.4,0.09,27,15,6
0.4,0.1,27,15,6
0.4,0.11,27,15,6
0.4,0.12,27,15,6
0.4,0.13,27,357,15
0.4,0.14,27,363,15
0.4,0.15,27,373,15
0.4,0.16,27,379,15
0.4,0.17,27,382,11
0.4,0.18,27,386,11
0.4,0.19,27,387,11
0.4,0.2,27,391,11
0.4,0.21,27,395,11
0.4,0.22,27,398,10
0.4,0.23,27,399,10
0.4,0.24,27,399,10
0.4,0.25,27,399,10
0.4,0.26,27,400,9
0.4,0.27,27,400,9
0.4,0.28,27,400,9
0.4,0.29,27,400,9
0.4,0.3,27,400,9
0.4,0.31,27,400,9
0.4,0.32,27,400,9
0.4,0.33,27,400,9
0.4,0.34,27,400,9
0.4,0.35,27,400,9
0.4,0.36,27,400,9
0.4,0.37,27,400,9
0.4,0.38,27,400,9
0.4,0.39,27,400,9
0.4,0.4,27,400,9
0.4,0.41,27,400,9
0.4,0.42,27,400,9
0.4,0.43,27,400,9
0.4,0.44,27,400,9
0.4,0.45,27,400,9
0.4,0.46,27,400,9
0.4,0.47,27,400,9
0.4,0.48,27,400,9
0.4,0.49,27,400,9
0.4,0.5,27,400,9
0.41,0,27,10,5
0.41,0.01,27,11,5
0.41,0.02,27,11,5
0.41,0.03,27,12,5
0.41,0.04,27,14,6
0.41,0.05,27,14,6
0.41,0.06,27,15,6
0.41,0.07,27,15,6
0.41,0.08,27,15,6
0.41,0.09,27,15,6
0.41,0.1,27,15,6
0.41,0.11,27,15,6
0.41,0.12,27,15,6
0.41,0.13,27,359,15
0.41,0.14,27,365,15
0.41,0.15,27,374,15
0.41,0.16,27,380,15
0.41,0.17,27,383,11
0.41,0.18,27,387,11
0.41,0.19,27,388,11
0.41,0.2,27,392,11
0.41,0.21,27,396,11
0.41,0.22,27,398,10
0.41,0.23,27,399,10
0.41,0.24,27,399,10
0.41,0.25,27,399,10
0.41,0.26,27,400,9
0.41,0.27,27,400,9
0.41,0.28,27,400,9
0.41,0.29,27,400,9
0.41,0.3,27,400,9
0.41,0.31,27,400,9
0.41,0.32,27,400,9
0.41,0.33,27,400,9
0.41,0.34,27,400,9
0.41,0.35,27,400,9
0.41,0.36,27,400,9
0.41,0.37,27,400,9
0.41,0.38,27,400,9
0.41,0.39,27,400,9
0.41,0.4,27,400,9
0.41,0.41,27,400,9
0.41,0.42,27,400,9
0.41,0.43,27,400,9
0.41,0.44,27,400,9
0.41,0.45,27,400,9
0.41,0.46,27,400,9
0.41,0.47,27,400,9
0.41,0.48,27,400,9
0.41,0.49,27,400,9
0.41,0.5,27,400,9
0.42,0,27,10,5
0.42,0.01,27,11,5
0.42,0.02,27,11,5
0.42,0.03,27,12,5
0.42,0.04,27,14,6
0.42,0.05,27,14,6
0.42,0.06,27,15,6
0.42,0.07,27,15,6
0.42,0.08,27,15,6
0.42,0.09,27,15,6
0.42,0.1,27,15,6
0.42,0.11,27,15,6
0.42,0.12,27,15,6
0.42,0.13,27,361,15
0.42,0.14,27,366,15
0.42,0.15,27,375,15
0.42,0.16,27,381,15
0.42,0.17,27,384,11
0.42,0.18,27,387,11
0.42,0.19,27,388,11
0.42,0.2,27,392,11
0.42,0.21,27,396,11
0.42,0.22,27,398,10
0.42,0.23,27,399,10
0.42,0.24,27,399,10
0.42,0.25,27,399,10
0.42,0.26,27,400,9
0.42,0.27,27,400,9
0.42,0.28,27,400,9
0.42,0.29,27,400,9
0.42,0.3,27,400,9
0.42,0.31,27,400,9
0.42,0.32,27,400,9
0.42,0.33,27,400,9
0.42,0.34,27,400,9
0.42,0.35,27,400,9
0.42,0.36,27,400,9
0.42,0.37,27,400,9
0.42,0.38,27,400,9
0.42,0.39,27,400,9
0.42,0.4,27,400,9
0.42,0.41,27,400,9
0.42,0.42,27,400,9
0.42,0.43,27,400,9
0.42,0.44,27,400,9
0.42,0.45,27,400,9
0.42,0.46,27,400,9
0.42,0.47,27,400,9
0.42,0.48,27,400,9
0.42,0.49,27,400,9
0.42,0.5,27,400,9
0.43,0,27,11,5
0.43,0.01,27,11,5
0.43,0.02,27,11,5
0.43,0.03,27,12,5
0.43,0.04,27,14,6
0.43,0.05,27,14,6
0.43,0.06,27,15,6
0.43,0.07,27,15,6
0.43,0.08,27,15,6
0.43,0.09,27,15,6
0.43,0.1,27,15,6
0.43,0.11,27,15,6
0.43,0.12,27,15,6
0.43,0.13,27,361,15
0.43,0.14,27,366,15
0.43,0.15,27,375,15
0.43,0.16,27,381,15
0.43,0.17,27,384,11
0.43,0.18,27,387,11
0.43,0.19,27,388,11
0.43,0.2,27,392,11
0.43,0.21,27,396,11
0.43,0.22,27,398,10
0.43,0.23,27,399,10
0.43,0.24,27,399,10
0.43,0.25,27,399,10
0.43,0.26,27,400,9
0.43,0.27,27,400,9
0.43,0.28,27,400,9
0.43,0.29,27,400,9
0.43,0.3,27,400,9
0.43,0.31,27,400,9
0.43,0.32,27,400,9
0.43,0.33,27,400,9
0.43,0.34,27,400,9
0.43,0.35,27,400,9
0.43,0.36,27,400,9
0.43,0.37,27,400,9
0.43,0.38,27,400,9
0.43,0.39,27,400,9
0.43,0.4,27,400,9
0.43,0.41,27,400,9
0.43,0.42,27,400,9
0.43,0.43,27,400,9
0.43,0.44,27,400,9
0.43,0.45,27,400,9
0.43,0.46,27,400,9
0.43,0.47,27,400,9
0.43,0.48,27,400,9
0.43,0.49,27,400,9
0.43,0.5,27,400,9
0.44,0,27,11,5
0.44,0.01,27,11,5
0.44,0.02,27,11,5
0.44,0.03,27,12,5
0.44,0.04,27,14,6
0.44,0.05,27,14,6
0.44,0.06,27,15,6
0.44,0.07,27,15,6
0.44,0.08,27,15,6
0.44,0.09,27,15,6
0.44,0.1,27,15,6
0.44,0.11,27,15,6
0.44,0.12,27,15,6
0.44,0.13,27,361,15
0.44,0.14,27,366,15
0.44,0.15,27,375,15
0.44,0.16,27,381,15
0.44,0.17,27,384,11
0.44,0.18,27,387,11
0.44,0.19,27,388,11
0.44,0.2,27,392,11
0.44,0.21,27,396,11
0.44,0.22,27,398,10
0.44,0.23,27,399,10
0.44,0.24,27,399,10
0.44,0.25,27,399,10
0.44,0.26,27,400,9
0.44,0.27,27,400,9
0.44,0.28,27,400,9
0.44,0.29,27,400,9
0.44,0.3,27,400,9
0.44,0.31,27,400,9
0.44,0.32,27,400,9
0.44,0.33,27,400,9
0.44,0.34,27,400,9
0.44,0.35,27,400,9
0.44,0.36,27,400,9
0.44,0.37,27,400,9
0.44,0.38,27,400,9
0.44,0.39,27,400,9
0.44,0.4,27,400,9
0.44,0.41,27,400,9
0.44,0.42,27,400,9
0.44,0.43,27,400,9
0.44,0.44,27,400,9
0.44,0.45,27,400,9
0.44,0.46,27,400,9
0.44,0.47,27,400,9
0.44,0.48,27,400,9
0.44,0.49,27,400,9
0.44,0.5,27,400,9
0.45,0,27,11,5
0.45,0.01,27,11,5
0.45,0.02,27,11,5
0.45,0.03,27,12,5
0.45,0.04,27,14,6
0.45,0.05,27,14,6
0.45,0.06,27,15,6
0.45,0.07,27,15,6
0.45,0.08,27,15,6
0.45,0.09,27,15,6
0.45,0.1,27,15,6
0.45,0.11,27,15,6
0.45,0.12,27,15,6
0.45,0.13,27,362,15
0.45,0.14,27,366,15
0.45,0.15,27,375,15
0.45,0.16,27,381,15
0.45,0.17,27,384,11
0.45,0.18,27,387,11
0.45,0.19,27,388,11
0.45,0.2,27,392,11
0.45,0.21,27,396,11
0.45,0.22,27,398,10
0.45,0.23,27,399,10
0.45,0.24,27,399,10
0.45,0.25,27,399,10
0.45,0.26,27,400,9
0.45,0.27,27,400,9
0.45,0.28,27,400,9
0.45,0.29,27,400,9
0.45,0.3,27,400,9
0.45,0.31,27,400,9
0.45,0.32,27,400,9
0.45,0.33,27,400,9
0.45,0.34,27,400,9
0.45,0.35,27,400,9
0.45,0.36,27,400,9
0.45,0.37,27,400,9
0.45,0.38,27,400,9
0.45,0.39,27,400,9
0.45,0.4,27,400,9
0.45,0.41,27,400,9
0.45,0.42,27,400,9
0.45,0.43,27,400,9
0.45,0.44,27,400,9
0.45,0.45,27,400,9
0.45,0.46,27,400,9
0.45,0.47,27,400,9
0.45,0.48,27,400,9
0.45,0.49,27,400,9
0.45,0.5,27,400,9
0.46,0,27,11,5
0.46,0.01,27,11,5
0.46,0.02,27,11,5
0.46,0.03,27,12,5
0.46,0.04,27,14,6
0.46,0.05,27,14,6
0.46,0.06,27,15,6
0.46,0.07,27,15,6
0.46,0.08,27,15,6
0.46,0.09,27,15,6
0.46,0.1,27,15,6
0.46,0.11,27,15,6
0.46,0.12,27,15,6
0.46,0.13,27,362,15
0.46,0.14,27,366,15
0.46,0.15,27,375,15
0.46,0.16,27,381,15
0.46,0.17,27,384,11
0.46,0.18,27,387,11
0.46,0.19,27,388,11
0.46,0.2,27,392,11
0.46,0.21,27,396,11
0.46,0.22,27,398,10
0.46,0.23,27,399,10
0.46,0.24,27,399,10
0.46,0.25,27,399,10
0.46,0.26,27,400,9
0.46,0.27,27,400,9
0.46,0.28,27,400,9
0.46,0.29,27,400,9
0.46,0.3,27,400,9
0.46,0.31,27,400,9
0.46,0.32,27,400,9
0.46,0.33,27,400,9
0.46,0.34,27,400,9
0.46,0.35,27,400,9
0.46,0.36,27,400,9
0.46,0.37,27,400,9
0.46,0.38,27,400,9
0.46,0.39,27,400,9
0.46,0.4,27,400,9
0.46,0.41,27,400,9
0.46,0.42,27,400,9
0.46,0.43,27,400,9
0.46,0.44,27,400,9
0.46,0.45,27,400,9
0.46,0.46,27,400,9
0.46,0.47,27,400,9
0.46,0.48,27,400,9
0.46,0.49,27,400,9
0.46,0.5,27,400,9
0.47,0,27,11,5
0.47,0.01,27,11,5
0.47,0.02,27,11,5
0.47,0.03,27,12,5
0.47,0.04,27,14,6
0.47,0.05,27,14,6
0.47,0.06,27,15,6
0.47,0.07,27,15,6
0.47,0.08,27,15,6
0.47,0.09,27,15,6
0.47,0.1,27,15,6
0.47,0.11,27,15,6
0.47,0.12,27,15,6
0.47,0.13,27,362,15
0.47,0.14,27,366,15
0.47,0.15,27,375,15
0.47,0.16,27,381,15
0.47,0.17,27,384,11
0.47,0.18,27,387,11
0.47,0.19,27,388,11
0.47,0.2,27,392,11
0.47,0.21,27,396,11
0.47,0.22,27,398,10
0.47,0.23,27,399,10
0.47,0.24,27,399,10
0.47,0.25,27,399,10
0.47,0.26,27,400,9
0.47,0.27,27,400,9
0.47,0.28,27,400,9
0.47,0.29,27,400,9
0.47,0.3,27,400,9
0.47,0.31,27,400,9
0.47,0.32,27,400,9
0.47,0.33,27,400,9
0.47,0.34,27,400,9
0.47,0.35,27,400,9
0.47,0.36,27,400,9
0.47,0.37,27,400,9
0.47,0.38,27,400,9
0.47,0.39,27,400,9
0.47,0.4,27,400,9
0.47,0.41,27,400,9
0.47,0.42,27,400,9
0.47,0.43,27,400,9
0.47,0.44,27,400,9
0.47,0.45,27,400,9
0.47,0.46,27,400,9
0.47,0.47,27,400,9
0.47,0.48,27,400,9
0.47,0.49,27,400,9
0.47,0.5,27,400,9
0.48,0,27,11,5
0.48,0.01,27,11,5
0.48,0.02,27,11,5
0.48,0.03,27,12,5
0.48,0.04,27,14,6
0.48,0.05,27,14,6
0.48,0.06,27,15,6
0.48,0.07,27,15,6
0.48,0.08,27,15,6
0.48,0.09,27,15,6
0.48,0.1,27,15,6
0.48,0.11,27,15,6
0.48,0.12,27,15,6
0.48,0.13,27,364,15
0.48,0.14,27,368,15
0.48,0.15,27,377,15
0.48,0.16,27,383,15
0.48,0.17,27,386,11
0.48,0.18,27,389,11
0.48,0.19,27,389,11
0.48,0.2,27,393,11
0.48,0.21,27,397,11
0.48,0.22,27,398,10
0.48,0.23,27,399,10
0.48,0.24,27,399,10
0.48,0.25,27,399,10
0.48,0.26,27,400,9
0.48,0.27,27,400,9
0.48,0.28,27,400,9
0.48,0.29,27,400,9
0.48,0.3,27,400,9
0.48,0.31,27,400,9
0.48,0.32,27,400,9
0.48,0.33,27,400,9
0.48,0.34,27,400,9
0.48,0.35,27,400,9
0.48,0.36,27,400,9
0.48,0.37,27,400,9
0.48,0.38,27,400,9
0.48,0.39,27,400,9
0.48,0.4,27,400,9
0.48,0.41,27,400,9
0.48,0.42,27,400,9
0.48,0.43,27,400,9
0.48,0.44,27,400,9
0.48,0.45,27,400,9
0.48,0.46,27,400,9
0.48,0.47,27,400,9
0.48,0.48,27,400,9
0.48,0.49,27,400,9
0.48,0.5,27,400,9
0.49,0,27,11,5
0.49,0.01,27,11,5
0.49,0.02,27,11,5
0.49,0.03,27,12,5
0.49,0.04,27,14,6
0.49,0.05,27,14,6
0.49,0.06,27,15,6
0.49,0.07,27,15,6
0.49,0.08,27,15,6
0.49,0.09,27,15,6
0.49,0.1,27,15,6
0.49,0.11,27,15,6
0.49,0.12,27,15,6
0.49,0.13,27,365,15
0.49,0.14,27,369,15
0.49,0.15,27,378,15
0.49,0.16,27,384,15
0.49,0.17,27,387,11
0.49,0.18,27,390,11
0.49,0.19,27,390,11
0.49,0.2,27,393,11
0.49,0.21,27,397,11
0.49,0.22,27,398,10
0.49,0.23,27,399,10
0.49,0.24,27,399,10
0.49,0.25,27,399,10
0.49,0.26,27,400,9
0.49,0.27,27,400,9
0.49,0.28,27,400,9
0.49,0.29,27,400,9
0.49,0.3,27,400,9
0.49,0.31,27,400,9
0.49,0.32,27,400,9
0.49,0.33,27,400,9
0.49,0.34,27,400,9
0.49,0.35,27,400,9
0.49,0.36,27,400,9
0.49,0.37,27,400,9
0.49,0.38,27,400,9
0.49,0.39,27,400,9
0.49,0.4,27,400,9
0.49,0.41,27,400,9
0.49,0.42,27,400,9
0.49,0.43,27,400,9
0.49,0.44,27,400,9
0.49,0.45,27,400,9
0.49,0.46,27,400,9
0.49,0.47,27,400,9
0.49,0.48,27,400,9
0.49,0.49,27,400,9
0.49,0.5,27,400,9
0.5,0,27,11,5
0.5,0.01,27,11,5
0.5,0.02,27,11,5
0.5,0.03,27,12,5
0.5,0.04,27,14,6
0.5,0.05,27,14,6
0.5,0.06,27,15,6
0.5,0.07,27,15,6
0.5,0.08,27,15,6
0.5,0.09,27,15,6
0.5,0.1,27,15,6
0.5,0.11,27,15,6
0.5,0.12,27,15,6
0.5,0.13,27,365,15
0.5,0.14,27,369,15
0.5,0.15,27,378,15
0.5,0.16,27,384,15
0.5,0.17,27,387,11
0.5,0.18,27,390,11
0.5,0.19,27,390,11
0.5,0.2,27,393,11
0.5,0.21,27,397,11
0.5,0.22,27,398,10
0.5,0.23,27,399,10
0.5,0.24,27,399,10
0.5,0.25,27,399,10
0.5,0.26,27,400,9
0.5,0.27,27,400,9
0.5,0.28,27,400,9
0.5,0.29,27,400,9
0.5,0.3,27,400,9
0.5,0.31,27,400,9
0.5,0.32,27,400,9
0.5,0.33,27,400,9
0.5,0.34,27,400,9
0.5,0.35,27,400,9
0.5,0.36,27,400,9
0.5,0.37,27,400,9
0.5,0.38,27,400,9
0.5,0.39,27,400,9
0.5,0.4,27,400,9
0.5,0.41,27,400,9
0.5,0.42,27,400,9
0.5,0.43,27,400,9
0.5,0.44,27,400,9
0.5,0.45,27,400,9
0.5,0.46,27,400,9
0.5,0.47,27,400,9
0.5,0.48,27,400,9
0.5,0.49,27,400,9
0.5,0.5,27,400,9
0.51,0,27,11,5
0.51,0.01,27,11,5
0.51,0.02,27,11,5
0.51,0.03,27,12,5
0.51,0.04,27,14,6
0.51,0.05,27,14,6
0.51,0.06,27,15,6
0.51,0.07,27,15,6
0.51,0.08,27,15,6
0.51,0.09,27,15,6
0.51,0.1,27,15,6
0.51,0.11,27,15,6
0.51,0.12,27,15,6
0.51,0.13,27,366,15
0.51,0.14,27,370,15
0.51,0.15,27,379,15
0.51,0.16,27,385,15
0.51,0.17,27,387,11
0.51,0.18,27,390,11
0.51,0.19,27,390,11
0.51,0.2,27,393,11
0.51,0.21,27,397,11
0.51,0.22,27,398,10
0.51,0.23,27,399,10
0.51,0.24,27,399,10
0.51,0.25,27,399,10
0.51,0.26,27,400,9
0.51,0.27,27,400,9
0.51,0.28,27,400,9
0.51,0.29,27,400,9
0.51,0.3,27,400,9
0.51,0.31,27,400,9
0.51,0.32,27,400,9
0.51,0.33,27,400,9
0.51,0.34,27,400,9
0.51,0.35,27,400,9
0.51,0.36,27,400,9
0.51,0.37,27,400,9
0.51,0.38,27,400,9
0.51,0.39,27,400,9
0.51,0.4,27,400,9
0.51,0.41,27,400,9
0.51,0.42,27,400,9
0.51,0.43,27,400,9
0.51,0.44,27,400,9
0.51,0.45,27,400,9
0.51,0.46,27,400,9
0.51,0.47,27,400,9
0.51,0.48,27,400,9
0.51,0.49,27,400,9
0.51,0.5,27,400,9
0.52,0,27,11,5
0.52,0.01,27,11,5
0.52,0.02,27,11,5
0.52,0.03,27,12,5
0.52,0.04,27,14,6
0.52,0.05,27,14,6
0.52,0.06,27,15,6
0.52,0.07,27,15,6
0.52,0.08,27,15,6
0.52,0.09,27,15,6
0.52,0.1,27,15,6
0.52,0.11,27,15,6
0.52,0.12,27,15,6
0.52,0.13,27,367,15
0.52,0.14,27,371,15
0.52,0.15,27,379,15
0.52,0.16,27,385,15
0.52,0.17,27,387,11
0.52,0.18,27,390,11
0.52,0.19,27,390,11
0.52,0.2,27,393,11
0.52,0.21,27,397,11
0.52,0.22,27,398,10
0.52,0.23,27,399,10
0.52,0.24,27,399,10
0.52,0.25,27,399,10
0.52,0.26,27,400,9
0.52,0.27,27,400,9
0.52,0.28,27,400,9
0.52,0.29,27,400,9
0.52,0.3,27,400,9
0.52,0.31,27,400,9
0.52,0.32,27,400,9
0.52,0.33,27,400,9
0.52,0.34,27,400,9
0.52,0.35,27,400,9
0.52,0.36,27,400,9
0.52,0.37,27,400,9
0.52,0.38,27,400,9
0.52,0.39,27,400,9
0.52,0.4,27,400,9
0.52,0.41,27,400,9
0.52,0.42,27,400,9
0.52,0.43,27,400,9
0.52,0.44,27,400,9
0.52,0.45,27,400,9
0.52,0.46,27,400,9
0.52,0.47,27,400,9
0.52,0.48,27,400,9
0.52,0.49,27,400,9
0.52,0.5,27,400,9
0.53,0,27,11,5
0.53,0.01,27,11,5
0.53,0.02,27,11,5
0.53,0.03,27,12,5
0.53,0.04,27,14,6
0.53,0.05,27,14,6
0.53,0.06,27,15,6
0.53,0.07,27,15,6
0.53,0.08,27,15,6
0.53,0.09,27,15,6
0.53,0.1,27,15,6
0.53,0.11,27,15,6
0.53,0.12,27,15,6
0.53,0.13,27,369,15
0.53,0.14,27,373,15
0.53,0.15,27,381,15
0.53,0.16,27,386,15
0.53,0.17,27,388,11
0.53,0.18,27,391,11
0.53,0.19,27,391,11
0.53,0.2,27,393,11
0.53,0.21,27,397,11
0.53,0.22,27,398,10
0.53,0.23,27,399,10
0.53,0.24,27,399,10
0.53,0.25,27,399,10
0.53,0.26,27,400,9
0.53,0.27,27,400,9
0.53,0.28,27,400,9
0.53,0.29,27,400,9
0.53,0.3,27,400,9
0.53,0.31,27,400,9
0.53,0.32,27,400,9
0.53,0.33,27,400,9
0.53,0.34,27,400,9
0.53,0.35,27,400,9
0.53,0.36,27,400,9
0.53,0.37,27,400,9
0.53,0.38,27,400,9
0.53,0.39,27,400,9
0.53,0.4,27,400,9
0.53,0.41,27,400,9
0.53,0.42,27,400,9
0.53,0.43,27,400,9
0.53,0.44,27,400,9
0.53,0.45,27,400,9
0.53,0.46,27,400,9
0.53,0.47,27,400,9
0.53,0.48,27,400,9
0.53,0.49,27,400,9
0.53,0.5,27,400,9
0.54,0,27,11,5
0.54,0.01,27,11,5
0.54,0.02,27,11,5
0.54,0.03,27,12,5
0.54,0.04,27,14,6
0.54,0.05,27,14,6
0.54,0.06,27,15,6
0.54,0.07,27,15,6
0.54,0.08,27,15,6
0.54,0.09,27,15,6
0.54,0.1,27,15,6
0.54,0.11,27,15,6
0.54,0.12,27,15,6
0.54,0.13,27,371,15
0.54,0.14,27,375,15
0.54,0.15,27,382,15
0.54,0.16,27,387,15
0.54,0.17,27,389,11
0.54,0.18,27,392,11
0.54,0.19,27,392,11
0.54,0.2,27,393,11
0.54,0.21,27,397,11
0.54,0.22,27,398,10
0.54,0.23,27,399,10
0.54,0.24,27,399,10
0.54,0.25,27,399,10
0.54,0.26,27,400,9
0.54,0.27,27,400,9
0.54,0.28,27,400,9
0.54,0.29,27,400,9
0.54,0.3,27,400,9
0.54,0.31,27,400,9
0.54,0.32,27,400,9
0.54,0.33,27,400,9
0.54,0.34,27,400,9
0.54,0.35,27,400,9
0.54,0.36,27,400,9
0.54,0.37,27,400,9
0.54,0.38,27,400,9
0.54,0.39,27,400,9
0.54,0.4,27,400,9
0.54,0.41,27,400,9
0.54,0.42,27,400,9
0.54,0.43,27,400,9
0.54,0.44,27,400,9
0.54,0.45,27,400,9
0.54,0.46,27,400,9
0.54,0.47,27,400,9
0.54,0.48,27,400,9
0.54,0.49,27,400,9
0.54,0.5,27,400,9
0.55,0,27,11,5
0.55,0.01,27,11,5
0.55,0.02,27,11,5
0.55,0.03,27,12,5
0.55,0.04,27,14,6
0.55,0.05,27,14,6
0.55,0.06,27,15,6
0.55,0.07,27,15,6
0.55,0.08,27,15,6
0.55,0.09,27,15,6
0.55,0.1,27,15,6
0.55,0.11,27,15,6
0.55,0.12,27,15,6
0.55,0.13,27,373,15
0.55,0.14,27,376,15
0.55,0.15,27,383,15
0.55,0.16,27,388,14
0.55,0.17,27,390,10
0.55,0.18,27,393,10
0.55,0.19,27,393,10
0.55,0.2,27,394,10
0.55,0.21,27,398,10
0.55,0.22,27,398,10
0.55,0.23,27,399,10
0.55,0.24,27,399,10
0.55,0.25,27,399,10
0.55,0.26,27,400,9
0.55,0.27,27,400,9
0.55,0.28,27,400,9
0.55,0.29,27,400,9
0.55,0.3,27,400,9
0.55,0.31,27,400,9
0.55,0.32,27,400,9
0.55,0.33,27,400,9
0.55,0.34,27,400,9
0.55,0.35,27,400,9
0.55,0.36,27,400,9
0.55,0.37,27,400,9
0.55,0.38,27,400,9
0.55,0.39,27,400,9
0.55,0.4,27,400,9
0.55,0.41,27,400,9
0.55,0.42,27,400,9
0.55,0.43,27,400,9
0.55,0.44,27,400,9
0.55,0.45,27,400,9
0.55,0.46,27,400,9
0.55,0.47,27,400,9
0.55,0.48,27,400,9
0.55,0.49,27,400,9
0.55,0.5,27,400,9
0.56,0,27,11,5
0.56,0.01,27,11,5
0.56,0.02,27,11,5
0.56,0.03,27,12,5
0.56,0.04,27,14,6
0.56,0.05,27,14,6
0.56,0.06,27,15,6
0.56,0.07,27,15,6
0.56,0.08,27,15,6
0.56,0.09,27,15,6
0.56,0.1,27,15,6
0.56,0.11,27,15,6
0.56,0.12,27,15,6
0.56,0.13,27,373,15
0.56,0.14,27,376,15
0.56,0.15,27,383,15
0.56,0.16,27,388,14
0.56,0.17,27,390,10
0.56,0.18,27,393,10
0.56,0.19,27,393,10
0.56,0.2,27,394,10
0.56,0.21,27,398,10
0.56,0.22,27,398,10
0.56,0.23,27,399,10
0.56,0.24,27,399,10
0.56,0.25,27,399,10
0.56,0.26,27,400,9
0.56,0.27,27,400,9
0.56,0.28,27,400,9
0.56,0.29,27,400,9
0.56,0.3,27,400,9
0.56,0.31,27,400,9
0.56,0.32,27,400,9
0.56,0.33,27,400,9
0.56,0.34,27,400,9
0.56,0.35,27,400,9
0.56,0.36,27,400,9
0.56,0.37,27,400,9
0.56,0.38,27,400,9
0.56,0.39,27,400,9
0.56,0.4,27,400,9
0.56,0.41,27,400,9
0.56,0.42,27,400,9
0.56,0.43,27,400,9
0.56,0.44,27,400,9
0.56,0.45,27,400,9
0.56,0.46,27,400,9
0.56,0.47,27,400,9
0.56,0.48,27,400,9
0.56,0.49,27,400,9
0.56,0.5,27,400,9
0.57,0,27,11,5
0.57,0.01,27,11,5
0.57,0.02,27,11,5
0.57,0.03,27,12,5
0.57,0.04,27,14,6
0.57,0.05,27,14,6
0.57,0.06,27,15,6
0.57,0.07,27,15,6
0.57,0.08,27,15,6
0.57,0.09,27,15,6
0.57,0.1,27,15,6
0.57,0.11,27,15,6
0.57,0.12,27,15,6
0.57,0.13,27,373,15
0.57,0.14,27,376,15
0.57,0.15,27,383,15
0.57,0.16,27,388,14
0.57,0.17,27,390,10
0.57,0.18,27,393,10
0.57,0.19,27,393,10
0.57,0.2,27,394,10
0.57,0.21,27,398,10
0.57,0.22,27,398,10
0.57,0.23,27,399,10
0.57,0.24,27,399,10
0.57,0.25,27,399,10
0.57,0.26,27,400,9
0.57,0.27,27,400,9
0.57,0.28,27,400,9
0.57,0.29,27,400,9
0.57,0.3,27,400,9
0.57,0.31,27,400,9
0.57,0.32,27,400,9
0.57,0.33,27,400,9
0.57,0.34,27,400,9
0.57,0.35,27,400,9
0.57,0.36,27,400,9
0.57,0.37,27,400,9
0.57,0.38,27,400,9
0.57,0.39,27,400,9
0.57,0.4,27,400,9
0.57,0.41,27,400,9
0.57,0.42,27,400,9
0.57,0.43,27,400,9
0.57,0.44,27,400,9
0.57,0.45,27,400,9
0.57,0.46,27,400,9
0.57,0.47,27,400,9
0.57,0.48,27,400,9
0.57,0.49,27,400,9
0.57,0.5,27,400,9
0.58,0,27,11,5
0.58,0.01,27,11,5
0.58,0.02,27,11,5
0.58,0.03,27,12,5
0.58,0.04,27,14,6
0.58,0.05,27,14,6
0.58,0.06,27,15,6
0.58,0.07,27,15,6
0.58,0.08,27,15,6
0.58,0.09,27,15,6
0.58,0.1,27,15,6
0.58,0.11,27,15,6
0.58,0.12,27,15,6
0.58,0.13,27,374,15
0.58,0.14,27,377,15
0.58,0.15,27,384,15
0.58,0.16,27,388,14
0.58,0.17,27,390,10
0.58,0.18,27,393,10
0.58,0.19,27,393,10
0.58,0.2,27,394,10
0.58,0.21,27,398,10
0.58,0.22,27,398,10
0.58,0.23,27,399,10
0.58,0.24,27,399,10
0.58,0.25,27,399,10
0.58,0.26,27,400,9
0.58,0.27,27,400,9
0.58,0.28,27,400,9
0.58,0.29,27,400,9
0.58,0.3,27,400,9
0.58,0.31,27,400,9
0.58,0.32,27,400,9
0.58,0.33,27,400,9
0.58,0.34,27,400,9
0.58,0.35,27,400,9
0.58,0.36,27,400,9
0.58,0.37,27,400,9
0.58,0.38,27,400,9
0.58,0.39,27,400,9
0.58,0.4,27,400,9
0.58,0.41,27,400,9
0.58,0.42,27,400,9
0.58,0.43,27,400,9
0.58,0.44,27,400,9
0.58,0.45,27,400,9
0.58,0.46,27,400,9
0.58,0.47,27,400,9
0.58,0.48,27,400,9
0.58,0.49,27,400,9
0.58,0.5,27,400,9
0.59,0,27,11,5
0.59,0.01,27,11,5
0.59,0.02,27,11,5
0.59,0.03,27,12,5
0.59,0.04,27,14,6
0.59,0.05,27,14,6
0.59,0.06,27,15,6
0.59,0.07,27,15,6
0.59,0.08,27,15,6
0.59,0.09,27,15,6
0.59,0.1,27,15,6
0.59,0.11,27,15,6
0.59,0.12,27,15,6
0.59,0.13,27,374,15
0.59,0.14,27,377,15
0.59,0.15,27,384,15
0.59,0.16,27,388,14
0.59,0.17,27,390,10
0.59,0.18,27,393,10
0.59,0.19,27,393,10
0.59,0.2,27,394,10
0.59,0.21,27,398,10
0.59,0.22,27,398,10
0.59,0.23,27,399,10
0.59,0.24,27,399,10
0.59,0.25,27,399,10
0.59,0.26,27,400,9
0.59,0.27,27,400,9
0.59,0.28,27,400,9
0.59,0.29,27,400,9
0.59,0.3,27,400,9
0.59,0.31,27,400,9
0.59,0.32,27,400,9
0.59,0.33,27,400,9
0.59,0.34,27,400,9
0.59,0.35,27,400,9
0.59,0.36,27,400,9
0.59,0.37,27,400,9
0.59,0.38,27,400,9
0.59,0.39,27,400,9
0.59,0.4,27,400,9
0.59,0.41,27,400,9
0.59,0.42,27,400,9
0.59,0.43,27,400,9
0.59,0.44,27,400,9
0.59,0.45,27,400,9
0.59,0.46,27,400,9
0.59,0.47,27,400,9
0.59,0.48,27,400,9
0.59,0.49,27,400,9
0.59,0.5,27,400,9
0.6,0,27,11,5
0.6,0.01,27,11,5
0.6,0.02,27,11,5
0.6,0.03,27,12,5
0.6,0.04,27,14,6
0.6,0.05,27,14,6
0.6,0.06,27,15,6
0.6,0.07,27,15,6
0.6,0.08,27,15,6
0.6,0.09,27,15,6
0.6,0.1,27,15,6
0.6,0.11,27,15,6
0.6,0.12,27,15,6
0.6,0.13,27,374,15
0.6,0.14,27,377,15
0.6,0.15,27,384,15
0.6,0.16,27,388,14
0.6,0.17,27,390,10
0.6,0.18,27,393,10
0.6,0.19,27,393,10
0.6,0.2,27,394,10
0.6,0.21,27,398,10
0.6,0.22,27,398,10
0.6,0.23,27,399,10
0.6,0.24,27,399,10
0.6,0.25,27,399,10
0.6,0.26,27,400,9
0.6,0.27,27,400,9
0.6,0.28,27,400,9
0.6,0.29,27,400,9
0.6,0.3,27,400,9
0.6,0.31,27,400,9
0.6,0.32,27,400,9
0.6,0.33,27,400,9
0.6,0.34,27,400,9
0.6,0.35,27,400,9
0.6,0.36,27,400,9
0.6,0.37,27,400,9
0.6,0.38,27,400,9
0.6,0.39,27,400,9
0.6,0.4,27,400,9
0.6,0.41,27,400,9
0.6,0.42,27,400,9
0.6,0.43,27,400,9
0.6,0.44,27,400,9
0.6,0.45,27,400,9
0.6,0.46,27,400,9
0.6,0.47,27,400,9
0.6,0.48,27,400,9
0.6,0.49,27,400,9
0.6,0.5,27,400,9
0.61,0,27,11,5
0.61,0.01,27,11,5
0.61,0.02,27,11,5
0.61,0.03,27,12,5
0.61,0.04,27,14,6
0.61,0.05,27,14,6
0.61,0.06,27,15,6
0.61,0.07,27,15,6
0.61,0.08,27,15,6
0.61,0.09,27,15,6
0.61,0.1,27,15,6
0.61,0.11,27,15,6
0.61,0.12,27,15,6
0.61,0.13,27,374,15
0.61,0.14,27,377,15
0.61,0.15,27,384,15
0.61,0.16,27,388,14
0.61,0.17,27,390,10
0.61,0.18,27,393,10
0.61,0.19,27,393,10
0.61,0.2,27,394,10
0.61,0.21,27,398,10
0.61,0.22,27,398,10
0.61,0.23,27,399,10
0.61,0.24,27,399,10
0.61,0.25,27,399,10
0.61,0.26,27,400,9
0.61,0.27,27,400,9
0.61,0.28,27,400,9
0.61,0.29,27,400,9
0.61,0.3,27,400,9
0.61,0.31,27,400,9
0.61,0.32,27,400,9
0.61,0.33,27,400,9
0.61,0.34,27,400,9
0.61,0.35,27,400,9
0.61,0.36,27,400,9
0.61,0.37,27,400,9
0.61,0.38,27,400,9
0.61,0.39,27,400,9
0.61,0.4,27,400,9
0.61,0.41,27,400,9
0.61,0.42,27,400,9
0.61,0.43,27,400,9
0.61,0.44,27,400,9
0.61,0.45,27,400,9
0.61,0.46,27,400,9
0.61,0.47,27,400,9
0.61,0.48,27,400,9
0.61,0.49,27,400,9
0.61,0.5,27,400,9
0.62,0,27,11,5
0.62,0.01,27,11,5
0.62,0.02,27,11,5
0.62,0.03,27,12,5
0.62,0.04,27,14,6
0.62,0.05,27,14,6
0.62,0.06,27,15,6
0.62,0.07,27,15,6
0.62,0.08,27,15,6
0.62,0.09,27,15,6
0.62,0.1,27,15,6
0.62,0.11,27,15,6
0.62,0.12,27,15,6
0.62,0.13,27,375,15
0.62,0.14,27,378,15
0.62,0.15,27,385,15
0.62,0.16,27,389,14
0.62,0.17,27,391,10
0.62,0.18,27,394,10
0.62,0.19,27,394,10
0.62,0.2,27,395,10
0.62,0.21,27,398,10
0.62,0.22,27,398,10
0.62,0.23,27,399,10
0.62,0.24,27,399,10
0.62,0.25,27,399,10
0.62,0.26,27,400,9
0.62,0.27,27,400,9
0.62,0.28,27,400,9
0.62,0.29,27,400,9
0.62,0.3,27,400,9
0.62,0.31,27,400,9
0.62,0.32,27,400,9
0.62,0.33,27,400,9
0.62,0.34,27,400,9
0.62,0.35,27,400,9
0.62,0.36,27,400,9
0.62,0.37,27,400,9
0.62,0.38,27,400,9
0.62,0.39,27,400,9
0.62,0.4,27,400,9
0.62,0.41,27,400,9
0.62,0.42,27,400,9
0.62,0.43,27,400,9
0.62,0.44,27,400,9
0.62,0.45,27,400,9
0.62,0.46,27,400,9
0.62,0.47,27,400,9
0.62,0.48,27,400,9
0.62,0.49,27,400,9
0.62,0.5,27,400,9
0.63,0,27,11,5
0.63,0.01,27,11,5
0.63,0.02,27,11,5
0.63,0.03,27,12,5
0.63,0.04,27,14,6
0.63,0.05,27,14,6
0.63,0.06,27,15,6
0.63,0.07,27,15,6
0.63,0.08,27,15,6
0.63,0.09,27,15,6
0.63,0.1,27,15,6
0.63,0.11,27,15,6
0.63,0.12,27,15,6
0.63,0.13,27,376,15
0.63,0.14,27,379,15
0.63,0.15,27,386,15
0.63,0.16,27,389,14
0.63,0.17,27,391,10
0.63,0.18,27,394,10
0.63,0.19,27,394,10
0.63,0.2,27,395,10
0.63,0.21,27,398,10
0.63,0.22,27,398,10
0.63,0.23,27,399,10
0.63,0.24,27,399,10
0.63,0.25,27,399,10
0.63,0.26,27,400,9
0.63,0.27,27,400,9
0.63,0.28,27,400,9
0.63,0.29,27,400,9
0.63,0.3,27,400,9
0.63,0.31,27,400,9
0.63,0.32,27,400,9
0.63,0.33,27,400,9
0.63,0.34,27,400,9
0.63,0.35,27,400,9
0.63,0.36,27,400,9
0.63,0.37,27,400,9
0.63,0.38,27,400,9
0.63,0.39,27,400,9
0.63,0.4,27,400,9
0.63,0.41,27,400,9
0.63,0.42,27,400,9
0.63,0.43,27,400,9
0.63,0.44,27,400,9
0.63,0.45,27,400,9
0.63,0.46,27,400,9
0.63,0.47,27,400,9
0.63,0.48,27,400,9
0.63,0.49,27,400,9
0.63,0.5,27,400,9
0.64,0,27,11,5
0.64,0.01,27,11,5
0.64,0.02,27,11,5
0.64,0.03,27,12,5
0.64,0.04,27,14,6
0.64,0.05,27,14,6
0.64,0.06,27,15,6
0.64,0.07,27,15,6
0.64,0.08,27,15,6
0.64,0.09,27,15,6
0.64,0.1,27,15,6
0.64,0.11,27,15,6
0.64,0.12,27,15,6
0.64,0.13,27,376,15
0.64,0.14,27,379,15
0.64,0.15,27,386,15
0.64,0.16,27,389,14
0.64,0.17,27,391,10
0.64,0.18,27,394,10
0.64,0.19,27,394,10
0.64,0.2,27,395,10
0.64,0.21,27,398,10
0.64,0.22,27,398,10
0.64,0.23,27,399,10
0.64,0.24,27,399,10
0.64,0.25,27,399,10
0.64,0.26,27,400,9
0.64,0.27,27,400,9
0.64,0.28,27,400,9
0.64,0.29,27,400,9
0.64,0.3,27,400,9
0.64,0.31,27,400,9
0.64,0.32,27,400,9
0.64,0.33,27,400,9
0.64,0.34,27,400,9
0.64,0.35,27,400,9
0.64,0.36,27,400,9
0.64,0.37,27,400,9
0.64,0.38,27,400,9
0.64,0.39,27,400,9
0.64,0.4,27,400,9
0.64,0.41,27,400,9
0.64,0.42,27,400,9
0.64,0.43,27,400,9
0.64,0.44,27,400,9
0.64,0.45,27,400,9
0.64,0.46,27,400,9
0.64,0.47,27,400,9
0.64,0.48,27,400,9
0.64,0.49,27,400,9
0.64,0.5,27,400,9
0.65,0,27,11,5
0.65,0.01,27,11,5
0.65,0.02,27,11,5
0.65,0.03,27,12,5
0.65,0.04,27,14,6
0.65,0.05,27,14,6
0.65,0.06,27,15,6
0.65,0.07,27,15,6
0.65,0.08,27,15,6
0.65,0.09,27,15,6
0.65,0.1,27,15,6
0.65,0.11,27,15,6
0.65,0.12,27,15,6
0.65,0.13,27,377,15
0.65,0.14,27,379,15
0.65,0.15,27,386,15
0.65,0.16,27,389,14
0.65,0.17,27,391,10
0.65,0.18,27,394,10
0.65,0.19,27,394,10
0.65,0.2,27,395,10
0.65,0.21,27,398,10
0.65,0.22,27,398,10
0.65,0.23,27,399,10
0.65,0.24,27,399,10
0.65,0.25,27,399,10
0.65,0.26,27,400,9
0.65,0.27,27,400,9
0.65,0.28,27,400,9
0.65,0.29,27,400,9
0.65,0.3,27,400,9
0.65,0.31,27,400,9
0.65,0.32,27,400,9
0.65,0.33,27,400,9
0.65,0.34,27,400,9
0.65,0.35,27,400,9
0.65,0.36,27,400,9
0.65,0.37,27,400,9
0.65,0.38,27,400,9
0.65,0.39,27,400,9
0.65,0.4,27,400,9
0.65,0.41,27,400,9
0.65,0.42,27,400,9
0.65,0.43,27,400,9
0.65,0.44,27,400,9
0.65,0.45,27,400,9
0.65,0.46,27,400,9
0.65,0.47,27,400,9
0.65,0.48,27,400,9
0.65,0.49,27,400,9
0.65,0.5,27,400,9
0.66,0,27,11,5
0.66,0.01,27,11,5
0.66,0.02,27,11,5
0.66,0.03,27,12,5
0.66,0.04,27,14,6
0.66,0.05,27,14,6
0.66,0.06,27,15,6
0.66,0.07,27,15,6
0.66,0.08,27,15,6
0.66,0.09,27,15,6
0.66,0.1,27,15,6
0.66,0.11,27,15,6
0.66,0.12,27,15,6
0.66,0.13,27,378,15
0.66,0.14,27,380,15
0.66,0.15,27,386,15
0.66,0.16,27,389,14
0.66,0.17,27,391,10
0.66,0.18,27,394,10
0.66,0.19,27,394,10
0.66,0.2,27,395,10
0.66,0.21,27,398,10
0.66,0.22,27,398,10
0.66,0.23,27,399,10
0.66,0.24,27,399,10
0.66,0.25,27,399,10
0.66,0.26,27,400,9
0.66,0.27,27,400,9
0.66,0.28,27,400,9
0.66,0.29,27,400,9
0.66,0.3,27,400,9
0.66,0.31,27,400,9
0.66,0.32,27,400,9
0.66,0.33,27,400,9
0.66,0.34,27,400,9
0.66,0.35,27,400,9
0.66,0.36,27,400,9
0.66,0.37,27,400,9
0.66,0.38,27,400,9
0.66,0.39,27,400,9
0.66,0.4,27,400,9
0.66,0.41,27,400,9
0.66,0.42,27,400,9
0.66,0.43,27,400,9
0.66,0.44,27,400,9
0.66,0.45,27,400,9
0.66,0.46,27,400,9
0.66,0.47,27,400,9
0.66,0.48,27,400,9
0.66,0.49,27,400,9
0.66,0.5,27,400,9
0.67,0,27,11,5
0.67,0.01,27,11,5
0.67,0.02,27,11,5
0.67,0.03,27,12,5
0.67,0.04,27,14,6
0.67,0.05,27,14,6
0.67,0.06,27,15,6
0.67,0.07,27,15,6
0.67,0.08,27,15,6
0.67,0.09,27,15,6
0.67,0.1,27,15,6
0.67,0.11,27,15,6
0.67,0.12,27,15,6
0.67,0.13,27,378,15
0.67,0.14,27,380,15
0.67,0.15,27,386,15
0.67,0.16,27,389,14
0.67,0.17,27,391,10
0.67,0.18,27,394,10
0.67,0.19,27,394,10
0.67,0.2,27,395,10
0.67,0.21,27,398,10
0.67,0.22,27,398,10
0.67,0.23,27,399,10
0.67,0.24,27,399,10
0.67,0.25,27,399,10
0.67,0.26,27,400,9
0.67,0.27,27,400,9
0.67,0.28,27,400,9
0.67,0.29,27,400,9
0.67,0.3,27,400,9
0.67,0.31,27,400,9
0.67,0.32,27,400,9
0.67,0.33,27,400,9
0.67,0.34,27,400,9
0.67,0.35,27,400,9
0.67,0.36,27,400,9
0.67,0.37,27,400,9
0.67,0.38,27,400,9
0.67,0.39,27,400,9
0.67,0.4,27,400,9
0.67,0.41,27,400,9
0.67,0.42,27,400,9
0.67,0.43,27,400,9
0.67,0.44,27,400,9
0.67,0.45,27,400,9
0.67,0.46,27,400,9
0.67,0.47,27,400,9
0.67,0.48,27,400,9
0.67,0.49,27,400,9
0.67,0.5,27,400,9
0.68,0,27,11,5
0.68,0.01,27,11,5
0.68,0.02,27,11,5
0.68,0.03,27,12,5
0.68,0.04,27,14,6
0.68,0.05,27,14,6
0.68,0.06,27,15,6
0.68,0.07,27,15,6
0.68,0.08,27,15,6
0.68,0.09,27,15,6
0.68,0.1,27,15,6
0.68,0.11,27,15,6
0.68,0.12,27,15,6
0.68,0.13,27,379,15
0.68,0.14,27,381,15
0.68,0.15,27,387,14
0.68,0.16,27,390,14
0.68,0.17,27,392,10
0.68,0.18,27,395,10
0.68,0.19,27,395,10
0.68,0.2,27,396,10
0.68,0.21,27,398,10
0.68,0.22,27,398,10
0.68,0.23,27,399,10
0.68,0.24,27,399,10
0.68,0.25,27,399,10
0.68,0.26,27,400,9
0.68,0.27,27,400,9
0.68,0.28,27,400,9
0.68,0.29,27,400,9
0.68,0.3,27,400,9
0.68,0.31,27,400,9
0.68,0.32,27,400,9
0.68,0.33,27,400,9
0.68,0.34,27,400,9
0.68,0.35,27,400,9
0.68,0.36,27,400,9
0.68,0.37,27,400,9
0.68,0.38,27,400,9
0.68,0.39,27,400,9
0.68,0.4,27,400,9
0.68,0.41,27,400,9
0.68,0.42,27,400,9
0.68,0.43,27,400,9
0.68,0.44,27,400,9
0.68,0.45,27,400,9
0.68,0.46,27,400,9
0.68,0.47,27,400,9
0.68,0.48,27,400,9
0.68,0.49,27,400,9
0.68,0.5,27,400,9
0.69,0,27,11,5
0.69,0.01,27,11,5
0.69,0.02,27,11,5
0.69,0.03,27,12,5
0.69,0.04,27,14,6
0.69,0.05,27,14,6
0.69,0.06,27,15,6
0.69,0.07,27,15,6
0.69,0.08,27,15,6
0.69,0.09,27,15,6
0.69,0.1,27,15,6
0.69,0.11,27,15,6
0.69,0.12,27,15,6
0.69,0.13,27,379,15
0.69,0.14,27,381,15
0.69,0.15,27,387,14
0.69,0.16,27,390,14
0.69,0.17,27,392,10
0.69,0.18,27,395,10
0.69,0.19,27,395,10
0.69,0.2,27,396,10
0.69,0.21,27,398,10
0.69,0.22,27,398,10
0.69,0.23,27,399,10
0.69,0.24,27,399,10
0.69,0.25,27,399,10
0.69,0.26,27,400,9
0.69,0.27,27,400,9
0.69,0.28,27,400,9
0.69,0.29,27,400,9
0.69,0.3,27,400,9
0.69,0.31,27,400,9
0.69,0.32,27,400,9
0.69,0.33,27,400,9
0.69,0.34,27,400,9
0.69,0.35,27,400,9
0.69,0.36,27,400,9
0.69,0.37,27,400,9
0.69,0.38,27,400,9
0.69,0.39,27,400,9
0.69,0.4,27,400,9
0.69,0.41,27,400,9
0.69,0.42,27,400,9
0.69,0.43,27,400,9
0.69,0.44,27,400,9
0.69,0.45,27,400,9
0.69,0.46,27,400,9
0.69,0.47,27,400,9
0.69,0.48,27,400,9
0.69,0.49,27,400,9
0.69,0.5,27,400,9
0.7,0,27,11,5
0.7,0.01,27,11,5
0.7,0.02,27,11,5
0.7,0.03,27,12,5
0.7,0.04,27,14,6
0.7,0.05,27,14,6
0.7,0.06,27,16,6
0.7,0.07,27,16,6
0.7,0.08,27,16,6
0.7,0.09,27,16,6
0.7,0.1,27,16,6
0.7,0.11,27,16,6
0.7,0.12,27,16,6
0.7,0.13,27,381,14
0.7,0.14,27,383,14
0.7,0.15,27,389,14
0.7,0.16,27,391,14
0.7,0.17,27,393,10
0.7,0.18,27,396,10
0.7,0.19,27,396,10
0.7,0.2,27,396,10
0.7,0.21,27,398,10
0.7,0.22,27,398,10
0.7,0.23,27,399,10
0.7,0.24,27,399,10
0.7,0.25,27,399,10
0.7,0.26,27,400,9
0.7,0.27,27,400,9
0.7,0.28,27,400,9
0.7,0.29,27,400,9
0.7,0.3,27,400,9
0.7,0.31,27,400,9
0.7,0.32,27,400,9
0.7,0.33,27,400,9
0.7,0.34,27,400,9
0.7,0.35,27,400,9
0.7,0.36,27,400,9
0.7,0.37,27,400,9
0.7,0.38,27,400,9
0.7,0.39,27,400,9
0.7,0.4,27,400,9
0.7,0.41,27,400,9
0.7,0.42,27,400,9
0.7,0.43,27,400,9
0.7,0.44,27,400,9
0.7,0.45,27,400,9
0.7,0.46,27,400,9
0.7,0.47,27,400,9
0.7,0.48,27,400,9
0.7,0.49,27,400,9
0.7,0.5,27,400,9
0.71,0,27,11,5
0.71,0.01,27,11,5
0.71,0.02,27,11,5
0.71,0.03,27,12,5
0.71,0.04,27,14,6
0.71,0.05,27,14,6
0.71,0.06,27,16,6
0.71,0.07,27,16,6
0.71,0.08,27,16,6
0.71,0.09,27,16,6
0.71,0.1,27,16,6
0.71,0.11,27,16,6
0.71,0.12,27,16,6
0.71,0.13,27,383,14
0.71,0.14,27,384,14
0.71,0.15,27,389,14
0.71,0.16,27,391,14
0.71,0.17,27,393,10
0.71,0.18,27,396,10
0.71,0.19,27,396,10
0.71,0.2,27,396,10
0.71,0.21,27,398,10
0.71,0.22,27,398,10
0.71,0.23,27,399,10
0.71,0.24,27,399,10
0.71,0.25,27,399,10
0.71,0.26,27,400,9
0.71,0.27,27,400,9
0.71,0.28,27,400,9
0.71,0.29,27,400,9
0.71,0.3,27,400,9
0.71,0.31,27,400,9
0.71,0.32,27,400,9
0.71,0.33,27,400,9
0.71,0.34,27,400,9
0.71,0.35,27,400,9
0.71,0.36,27,400,9
0.71,0.37,27,400,9
0.71,0.38,27,400,9
0.71,0.39,27,400,9
0.71,0.4,27,400,9
0.71,0.41,27,400,9
0.71,0.42,27,400,9
0.71,0.43,27,400,9
0.71,0.44,27,400,9
0.71,0.45,27,400,9
0.71,0.46,27,400,9
0.71,0.47,27,400,9
0.71,0.48,27,400,9
0.71,0.49,27,400,9
0.71,0.5,27,400,9
0.72,0,27,11,5
0.72,0.01,27,11,5
0.72,0.02,27,11,5
0.72,0.03,27,12,5
0.72,0.04,27,14,6
0.72,0.05,27,14,6
0.72,0.06,27,16,6
0.72,0.07,27,16,6
0.72,0.08,27,16,6
0.72,0.09,27,16,6
0.72,0.1,27,16,6
0.72,0.11,27,16,6
0.72,0.12,27,16,6
0.72,0.13,27,383,14
0.72,0.14,27,384,14
0.72,0.15,27,389,14
0.72,0.16,27,391,14
0.72,0.17,27,393,10
0.72,0.18,27,396,10
0.72,0.19,27,396,10
0.72,0.2,27,396,10
0.72,0.21,27,398,10
0.72,0.22,27,398,10
0.72,0.23,27,399,10
0.72,0.24,27,399,10
0.72,0.25,27,399,10
0.72,0.26,27,400,9
0.72,0.27,27,400,9
0.72,0.28,27,400,9
0.72,0.29,27,400,9
0.72,0.3,27,400,9
0.72,0.31,27,400,9
0.72,0.32,27,400,9
0.72,0.33,27,400,9
0.72,0.34,27,400,9
0.72,0.35,27,400,9
0.72,0.36,27,400,9
0.72,0.37,27,400,9
0.72,0.38,27,400,9
0.72,0.39,27,400,9
0.72,0.4,27,400,9
0.72,0.41,27,400,9
0.72,0.42,27,400,9
0.72,0.43,27,400,9
0.72,0.44,27,400,9
0.72,0.45,27,400,9
0.72,0.46,27,400,9
0.72,0.47,27,400,9
0.72,0.48,27,400,9
0.72,0.49,27,400,9
0.72,0.5,27,400,9
0.73,0,27,11,5
0.73,0.01,27,11,5
0.73,0.02,27,11,5
0.73,0.03,27,12,5
0.73,0.04,27,14,6
0.73,0.05,27,14,6
0.73,0.06,27,16,6
0.73,0.07,27,16,6
0.73,0.08,27,16,6
0.73,0.09,27,16,6
0.73,0.1,27,16,6
0.73,0.11,27,16,6
0.73,0.12,27,16,6
0.73,0.13,27,384,14
0.73,0.14,27,384,14
0.73,0.15,27,389,14
0.73,0.16,27,391,14
0.73,0.17,27,393,10
0.73,0.18,27,396,10
0.73,0.19,27,396,10
0.73,0.2,27,396,10
0.73,0.21,27,398,10
0.73,0.22,27,398,10
0.73,0.23,27,399,10
0.73,0.24,27,399,10
0.73,0.25,27,399,10
0.73,0.26,27,400,9
0.73,0.27,27,400,9
0.73,0.28,27,400,9
0.73,0.29,27,400,9
0.73,0.3,27,400,9
0.73,0.31,27,400,9
0.73,0.32,27,400,9
0.73,0.33,27,400,9
0.73,0.34,27,400,9
0.73,0.35,27,400,9
0.73,0.36,27,400,9
0.73,0.37,27,400,9
0.73,0.38,27,400,9
0.73,0.39,27,400,9
0.73,0.4,27,400,9
0.73,0.41,27,400,9
0.73,0.42,27,400,9
0.73,0.43,27,400,9
0.73,0.44,27,400,9
0.73,0.45,27,400,9
0.73,0.46,27,400,9
0.73,0.47,27,400,9
0.73,0.48,27,400,9
0.73,0.49,27,400,9
0.73,0.5,27,400,9
0.74,0,27,11,5
0.74,0.01,27,11,5
0.74,0.02,27,11,5
0.74,0.03,27,12,5
0.74,0.04,27,14,6
0.74,0.05,27,14,6
0.74,0.06,27,16,6
0.74,0.07,27,16,6
0.74,0.08,27,16,6
0.74,0.09,27,16,6
0.74,0.1,27,16,6
0.74,0.11,27,16,6
0.74,0.12,27,16,6
0.74,0.13,27,386,14
0.74,0.14,27,386,14
0.74,0.15,27,389,14
0.74,0.16,27,391,14
0.74,0.17,27,393,10
0.74,0.18,27,396,10
0.74,0.19,27,396,10
0.74,0.2,27,396,10
0.74,0.21,27,398,10
0.74,0.22,27,398,10
0.74,0.23,27,399,10
0.74,0.24,27,399,10
0.74,0.25,27,399,10
0.74,0.26,27,400,9
0.74,0.27,27,400,9
0.74,0.28,27,400,9
0.74,0.29,27,400,9
0.74,0.3,27,400,9
0.74,0.31,27,400,9
0.74,0.32,27,400,9
0.74,0.33,27,400,9
0.74,0.34,27,400,9
0.74,0.35,27,400,9
0.74,0.36,27,400,9
0.74,0.37,27,400,9
0.74,0.38,27,400,9
0.74,0.39,27,400,9
0.74,0.4,27,400,9
0.74,0.41,27,400,9
0.74,0.42,27,400,9
0.74,0.43,27,400,9
0.74,0.44,27,400,9
0.74,0.45,27,400,9
0.74,0.46,27,400,9
0.74,0.47,27,400,9
0.74,0.48,27,400,9
0.74,0.49,27,400,9
0.74,0.5,27,400,9
0.75,0,27,11,5
0.75,0.01,27,11,5
0.75,0.02,27,11,5
0.75,0.03,27,12,5
0.75,0.04,27,14,6
0.75,0.05,27,14,6
0.75,0.06,27,16,6
0.75,0.07,27,16,6
0.75,0.08,27,16,6
0.75,0.09,27,16,6
0.75,0.1,27,16,6
0.75,0.11,27,16,6
0.75,0.12,27,16,6
0.75,0.13,27,386,14
0.75,0.14,27,386,14
0.75,0.15,27,389,14
0.75,0.16,27,391,14
0.75,0.17,27,393,10
0.75,0.18,27,396,10
0.75,0.19,27,396,10
0.75,0.2,27,396,10
0.75,0.21,27,398,10
0.75,0.22,27,398,10
0.75,0.23,27,399,10
0.75,0.24,27,399,10
0.75,0.25,27,399,10
0.75,0.26,27,400,9
0.75,0.27,27,400,9
0.75,0.28,27,400,9
0.75,0.29,27,400,9
0.75,0.3,27,400,9
0.75,0.31,27,400,9
0.75,0.32,27,400,9
0.75,0.33,27,400,9
0.75,0.34,27,400,9
0.75,0.35,27,400,9
0.75,0.36,27,400,9
0.75,0.37,27,400,9
0.75,0.38,27,400,9
0.75,0.39,27,400,9
0.75,0.4,27,400,9
0.75,0.41,27,400,9
0.75,0.42,27,400,9
0.75,0.43,27,400,9
0.75,0.44,27,400,9
0.75,0.45,27,400,9
0.75,0.46,27,400,9
0.75,0.47,27,400,9
0.75,0.48,27,400,9
0.75,0.49,27,400,9
0.75,0.5,27,400,9
0.76,0,27,12,5
0.76,0.01,27,12,5
0.76,0.02,27,12,5
0.76,0.03,27,13,5
0.76,0.04,27,23,8
0.76,0.05,27,23,8
0.76,0.06,27,362,16
0.76,0.07,27,371,15
0.76,0.08,27,373,15
0.76,0.09,27,375,15
0.76,0.1,27,377,14
0.76,0.11,27,380,14
0.76,0.12,27,381,14
0.76,0.13,27,386,14
0.76,0.14,27,386,14
0.76,0.15,27,389,14
0.76,0.16,27,391,14
0.76,0.17,27,393,10
0.76,0.18,27,396,10
0.76,0.19,27,396,10
0.76,0.2,27,396,10
0.76,0.21,27,398,10
0.76,0.22,27,398,10
0.76,0.23,27,399,10
0.76,0.24,27,399,10
0.76,0.25,27,399,10
0.76,0.26,27,400,9
0.76,0.27,27,400,9
0.76,0.28,27,400,9
0.76,0.29,27,400,9
0.76,0.3,27,400,9
0.76,0.31,27,400,9
0.76,0.32,27,400,9
0.76,0.33,27,400,9
0.76,0.34,27,400,9
0.76,0.35,27,400,9
0.76,0.36,27,400,9
0.76,0.37,27,400,9
0.76,0.38,27,400,9
0.76,0.39,27,400,9
0.76,0.4,27,400,9
0.76,0.41,27,400,9
0.76,0.42,27,400,9
0.76,0.43,27,400,9
0.76,0.44,27,400,9
0.76,0.45,27,400,9
0.76,0.46,27,400,9
0.76,0.47,27,400,9
0.76,0.48,27,400,9
0.76,0.49,27,400,9
0.76,0.5,27,400,9
0.77,0,27,12,5
0.77,0.01,27,12,5
0.77,0.02,27,12,5
0.77,0.03,27,13,5
0.77,0.04,27,23,8
0.77,0.05,27,23,8
0.77,0.06,27,363,16
0.77,0.07,27,371,15
0.77,0.08,27,373,15
0.77,0.09,27,375,15
0.77,0.1,27,377,14
0.77,0.11,27,380,14
0.77,0.12,27,381,14
0.77,0.13,27,386,14
0.77,0.14,27,386,14
0.77,0.15,27,389,14
0.77,0.16,27,391,14
0.77,0.17,27,393,10
0.77,0.18,27,396,10
0.77,0.19,27,396,10
0.77,0.2,27,396,10
0.77,0.21,27,398,10
0.77,0.22,27,398,10
0.77,0.23,27,399,10
0.77,0.24,27,399,10
0.77,0.25,27,399,10
0.77,0.26,27,400,9
0.77,0.27,27,400,9
0.77,0.28,27,400,9
0.77,0.29,27,400,9
0.77,0.3,27,400,9
0.77,0.31,27,400,9
0.77,0.32,27,400,9
0.77,0.33,27,400,9
0.77,0.34,27,400,9
0.77,0.35,27,400,9
0.77,0.36,27,400,9
0.77,0.37,27,400,9
0.77,0.38,27,400,9
0.77,0.39,27,400,9
0.77,0.4,27,400,9
0.77,0.41,27,400,9
0.77,0.42,27,400,9
0.77,0.43,27,400,9
0.77,0.44,27,400,9
0.77,0.45,27,400,9
0.77,0.46,27,400,9
0.77,0.47,27,400,9
0.77,0.48,27,400,9
0.77,0.49,27,400,9
0.77,0.5,27,400,9
0.78,0,27,14,5
0.78,0.01,27,15,5
0.78,0.02,27,20,8
0.78,0.03,27,22,8
0.78,0.04,27,354,11
0.78,0.05,27,357,11
0.78,0.06,27,364,10
0.78,0.07,27,372,10
0.78,0.08,27,374,10
0.78,0.09,27,376,10
0.78,0.1,27,378,10
0.78,0.11,27,381,10
0.78,0.12,27,382,10
0.78,0.13,27,387,10
0.78,0.14,27,387,10
0.78,0.15,27,390,10
0.78,0.16,27,392,10
0.78,0.17,27,393,10
0.78,0.18,27,396,10
0.78,0.19,27,396,10
0.78,0.2,27,396,10
0.78,0.21,27,398,10
0.78,0.22,27,398,10
0.78,0.23,27,399,10
0.78,0.24,27,399,10
0.78,0.25,27,399,10
0.78,0.26,27,400,9
0.78,0.27,27,400,9
0.78,0.28,27,400,9
0.78,0.29,27,400,9
0.78,0.3,27,400,9
0.78,0.31,27,400,9
0.78,0.32,27,400,9
0.78,0.33,27,400,9
0.78,0.34,27,400,9
0.78,0.35,27,400,9
0.78,0.36,27,400,9
0.78,0.37,27,400,9
0.78,0.38,27,400,9
0.78,0.39,27,400,9
0.78,0.4,27,400,9
0.78,0.41,27,400,9
0.78,0.42,27,400,9
0.78,0.43,27,400,9
0.78,0.44,27,400,9
0.78,0.45,27,400,9
0.78,0.46,27,400,9
0.78,0.47,27,400,9
0.78,0.48,27,400,9
0.78,0.49,27,400,9
0.78,0.5,27,400,9
0.79,0,27,14,5
0.79,0.01,27,15,5
0.79,0.02,27,339,17
0.79,0.03,27,348,16
0.79,0.04,27,357,11
0.79,0.05,27,360,11
0.79,0.06,27,367,10
0.79,0.07,27,375,10
0.79,0.08,27,377,10
0.79,0.09,27,379,10
0.79,0.1,27,381,10
0.79,0.11,27,384,10
0.79,0.12,27,384,10
0.79,0.13,27,389,10
0.79,0.14,27,389,10
0.79,0.15,27,391,10
0.79,0.16,27,393,10
0.79,0.17,27,394,10
0.79,0.18,27,396,10
0.79,0.19,27,396,10
0.79,0.2,27,396,10
0.79,0.21,27,398,10
0.79,0.22,27,398,10
0.79,0.23,27,399,10
0.79,0.24,27,399,10
0.79,0.25,27,399,10
0.79,0.26,27,400,9
0.79,0.27,27,400,9
0.79,0.28,27,400,9
0.79,0.29,27,400,9
0.79,0.3,27,400,9
0.79,0.31,27,400,9
0.79,0.32,27,400,9
0.79,0.33,27,400,9
0.79,0.34,27,400,9
0.79,0.35,27,400,9
0.79,0.36,27,400,9
0.79,0.37,27,400,9
0.79,0.38,27,400,9
0.79,0.39,27,400,9
0.79,0.4,27,400,9
0.79,0.41,27,400,9
0.79,0.42,27,400,9
0.79,0.43,27,400,9
0.79,0.44,27,400,9
0.79,0.45,27,400,9
0.79,0.46,27,400,9
0.79,0.47,27,400,9
0.79,0.48,27,400,9
0.79,0.49,27,400,9
0.79,0.5,27,400,9
0.8,0,27,14,5
0.8,0.01,27,15,5
0.8,0.02,27,342,17
0.8,0.03,27,350,16
0.8,0.04,27,359,11
0.8,0.05,27,362,11
0.8,0.06,27,368,10
0.8,0.07,27,376,10
0.8,0.08,27,378,10
0.8,0.09,27,380,10
0.8,0.1,27,382,10
0.8,0.11,27,385,10
0.8,0.12,27,385,10
0.8,0.13,27,389,10
0.8,0.14,27,389,10
0.8,0.15,27,391,10
0.8,0.16,27,393,10
0.8,0.17,27,394,10
0.8,0.18,27,396,10
0.8,0.19,27,396,10
0.8,0.2,27,396,10
0.8,0.21,27,398,10
0.8,0.22,27,398,10
0.8,0.23,27,399,10
0.8,0.24,27,399,10
0.8,0.25,27,399,10
0.8,0.26,27,400,9
0.8,0.27,27,400,9
0.8,0.28,27,400,9
0.8,0.29,27,400,9
0.8,0.3,27,400,9
0.8,0.31,27,400,9
0.8,0.32,27,400,9
0.8,0.33,27,400,9
0.8,0.34,27,400,9
0.8,0.35,27,400,9
0.8,0.36,27,400,9
0.8,0.37,27,400,9
0.8,0.38,27,400,9
0.8,0.39,27,400,9
0.8,0.4,27,400,9
0.8,0.41,27,400,9
0.8,0.42,27,400,9
0.8,0.43,27,400,9
0.8,0.44,27,400,9
0.8,0.45,27,400,9
0.8,0.46,27,400,9
0.8,0.47,27,400,9
0.8,0.48,27,400,9
0.8,0.49,27,400,9
0.8,0.5,27,400,9
0.81,0,27,14,5
0.81,0.01,27,15,5
0.81,0.02,27,343,17
0.81,0.03,27,351,16
0.81,0.04,27,360,11
0.81,0.05,27,362,11
0.81,0.06,27,368,10
0.81,0.07,27,376,10
0.81,0.08,27,378,10
0.81,0.09,27,380,10
0.81,0.1,27,382,10
0.81,0.11,27,385,10
0.81,0.12,27,385,10
0.81,0.13,27,389,10
0.81,0.14,27,389,10
0.81,0.15,27,391,10
0.81,0.16,27,393,10
0.81,0.17,27,394,10
0.81,0.18,27,396,10
0.81,0.19,27,396,10
0.81,0.2,27,396,10
0.81,0.21,27,398,10
0.81,0.22,27,398,10
0.81,0.23,27,399,10
0.81,0.24,27,399,10
0.81,0.25,27,399,10
0.81,0.26,27,400,9
0.81,0.27,27,400,9
0.81,0.28,27,400,9
0.81,0.29,27,400,9
0.81,0.3,27,400,9
0.81,0.31,27,400,9
0.81,0.32,27,400,9
0.81,0.33,27,400,9
0.81,0.34,27,400,9
0.81,0.35,27,400,9
0.81,0.36,27,400,9
0.81,0.37,27,400,9
0.81,0.38,27,400,9
0.81,0.39,27,400,9
0.81,0.4,27,400,9
0.81,0.41,27,400,9
0.81,0.42,27,400,9
0.81,0.43,27,400,9
0.81,0.44,27,400,9
0.81,0.45,27,400,9
0.81,0.46,27,400,9
0.81,0.47,27,400,9
0.81,0.48,27,400,9
0.81,0.49,27,400,9
0.81,0.5,27,400,9
0.82,0,27,14,5
0.82,0.01,27,15,5
0.82,0.02,27,347,17
0.82,0.03,27,355,16
0.82,0.04,27,364,11
0.82,0.05,27,366,11
0.82,0.06,27,372,10
0.82,0.07,27,379,10
0.82,0.08,27,381,10
0.82,0.09,27,382,10
0.82,0.1,27,384,10
0.82,0.11,27,386,10
0.82,0.12,27,386,10
0.82,0.13,27,390,10
0.82,0.14,27,390,10
0.82,0.15,27,391,10
0.82,0.16,27,393,10
0.82,0.17,27,394,10
0.82,0.18,27,396,10
0.82,0.19,27,396,10
0.82,0.2,27,396,10
0.82,0.21,27,398,10
0.82,0.22,27,398,10
0.82,0.23,27,399,10
0.82,0.24,27,399,10
0.82,0.25,27,399,10
0.82,0.26,27,400,9
0.82,0.27,27,400,9
0.82,0.28,27,400,9
0.82,0.29,27,400,9
0.82,0.3,27,400,9
0.82,0.31,27,400,9
0.82,0.32,27,400,9
0.82,0.33,27,400,9
0.82,0.34,27,400,9
0.82,0.35,27,400,9
0.82,0.36,27,400,9
0.82,0.37,27,400,9
0.82,0.38,27,400,9
0.82,0.39,27,400,9
0.82,0.4,27,400,9
0.82,0.41,27,400,9
0.82,0.42,27,400,9
0.82,0.43,27,400,9
0.82,0.44,27,400,9
0.82,0.45,27,400,9
0.82,0.46,27,400,9
0.82,0.47,27,400,9
0.82,0.48,27,400,9
0.82,0.49,27,400,9
0.82,0.5,27,400,9
0.83,0,27,14,5
0.83,0.01,27,15,5
0.83,0.02,27,349,17
0.83,0.03,27,357,16
0.83,0.04,27,366,11
0.83,0.05,27,368,11
0.83,0.06,27,373,10
0.83,0.07,27,380,10
0.83,0.08,27,382,10
0.83,0.09,27,383,10
0.83,0.1,27,385,10
0.83,0.11,27,387,10
0.83,0.12,27,387,10
0.83,0.13,27,391,10
0.83,0.14,27,391,10
0.83,0.15,27,392,10
0.83,0.16,27,394,10
0.83,0.17,27,395,10
0.83,0.18,27,396,10
0.83,0.19,27,396,10
0.83,0.2,27,396,10
0.83,0.21,27,398,10
0.83,0.22,27,398,10
0.83,0.23,27,399,10
0.83,0.24,27,399,10
0.83,0.25,27,399,10
0.83,0.26,27,400,9
0.83,0.27,27,400,9
0.83,0.28,27,400,9
0.83,0.29,27,400,9
0.83,0.3,27,400,9
0.83,0.31,27,400,9
0.83,0.32,27,400,9
0.83,0.33,27,400,9
0.83,0.34,27,400,9
0.83,0.35,27,400,9
0.83,0.36,27,400,9
0.83,0.37,27,400,9
0.83,0.38,27,400,9
0.83,0.39,27,400,9
0.83,0.4,27,400,9
0.83,0.41,27,400,9
0.83,0.42,27,400,9
0.83,0.43,27,400,9
0.83,0.44,27,400,9
0.83,0.45,27,400,9
0.83,0.46,27,400,9
0.83,0.47,27,400,9
0.83,0.48,27,400,9
0.83,0.49,27,400,9
0.83,0.5,27,400,9
0.84,0,27,338,13
0.84,0.01,27,340,13
0.84,0.02,27,354,11
0.84,0.03,27,362,11
0.84,0.04,27,370,11
0.84,0.05,27,372,11
0.84,0.06,27,376,10
0.84,0.07,27,380,10
0.84,0.08,27,382,10
0.84,0.09,27,383,10
0.84,0.1,27,385,10
0.84,0.11,27,387,10
0.84,0.12,27,387,10
0.84,0.13,27,391,10
0.84,0.14,27,391,10
0.84,0.15,27,392,10
0.84,0.16,27,394,10
0.84,0.17,27,395,10
0.84,0.18,27,396,10
0.84,0.19,27,396,10
0.84,0.2,27,396,10
0.84,0.21,27,398,10
0.84,0.22,27,398,10
0.84,0.23,27,399,10
0.84,0.24,27,399,10
0.84,0.25,27,399,10
0.84,0.26,27,400,9
0.84,0.27,27,400,9
0.84,0.28,27,400,9
0.84,0.29,27,400,9
0.84,0.3,27,400,9
0.84,0.31,27,400,9
0.84,0.32,27,400,9
0.84,0.33,27,400,9
0.84,0.34,27,400,9
0.84,0.35,27,400,9
0.84,0.36,27,400,9
0.84,0.37,27,400,9
0.84,0.38,27,400,9
0.84,0.39,27,400,9
0.84,0.4,27,400,9
0.84,0.41,27,400,9
0.84,0.42,27,400,9
0.84,0.43,27,400,9
0.84,0.44,27,400,9
0.84,0.45,27,400,9
0.84,0.46,27,400,9
0.84,0.47,27,400,9
0.84,0.48,27,400,9
0.84,0.49,27,400,9
0.84,0.5,27,400,9
0.85,0,27,340,13
0.85,0.01,27,342,13
0.85,0.02,27,356,11
0.85,0.03,27,363,11
0.85,0.04,27,371,11
0.85,0.05,27,373,11
0.85,0.06,27,376,10
0.85,0.07,27,380,10
0.85,0.08,27,382,10
0.85,0.09,27,383,10
0.85,0.1,27,385,10
0.85,0.11,27,387,10
0.85,0.12,27,387,10
0.85,0.13,27,391,10
0.85,0.14,27,391,10
0.85,0.15,27,392,10
0.85,0.16,27,394,10
0.85,0.17,27,395,10
0.85,0.18,27,396,10
0.85,0.19,27,396,10
0.85,0.2,27,396,10
0.85,0.21,27,398,10
0.85,0.22,27,398,10
0.85,0.23,27,399,10
0.85,0.24,27,399,10
0.85,0.25,27,399,10
0.85,0.26,27,400,9
0.85,0.27,27,400,9
0.85,0.28,27,400,9
0.85,0.29,27,400,9
0.85,0.3,27,400,9
0.85,0.31,27,400,9
0.85,0.32,27,400,9
0.85,0.33,27,400,9
0.85,0.34,27,400,9
0.85,0.35,27,400,9
0.85,0.36,27,400,9
0.85,0.37,27,400,9
0.85,0.38,27,400,9
0.85,0.39,27,400,9
0.85,0.4,27,400,9
0.85,0.41,27,400,9
0.85,0.42,27,400,9
0.85,0.43,27,400,9
0.85,0.44,27,400,9
0.85,0.45,27,400,9
0.85,0.46,27,400,9
0.85,0.47,27,400,9
0.85,0.48,27,400,9
0.85,0.49,27,400,9
0.85,0.5,27,400,9
0.86,0,27,343,13
0.86,0.01,27,345,13
0.86,0.02,27,359,11
0.86,0.03,27,366,11
0.86,0.04,27,373,11
0.86,0.05,27,374,11
0.86,0.06,27,377,10
0.86,0.07,27,381,10
0.86,0.08,27,383,10
0.86,0.09,27,384,10
0.86,0.1,27,386,10
0.86,0.11,27,388,10
0.86,0.12,27,388,10
0.86,0.13,27,391,10
0.86,0.14,27,391,10
0.86,0.15,27,392,10
0.86,0.16,27,394,10
0.86,0.17,27,395,10
0.86,0.18,27,396,10
0.86,0.19,27,396,10
0.86,0.2,27,396,10
0.86,0.21,27,398,10
0.86,0.22,27,398,10
0.86,0.23,27,399,10
0.86,0.24,27,399,10
0.86,0.25,27,399,10
0.86,0.26,27,400,9
0.86,0.27,27,400,9
0.86,0.28,27,400,9
0.86,0.29,27,400,9
0.86,0.3,27,400,9
0.86,0.31,27,400,9
0.86,0.32,27,400,9
0.86,0.33,27,400,9
0.86,0.34,27,400,9
0.86,0.35,27,400,9
0.86,0.36,27,400,9
0.86,0.37,27,400,9
0.86,0.38,27,400,9
0.86,0.39,27,400,9
0.86,0.4,27,400,9
0.86,0.41,27,400,9
0.86,0.42,27,400,9
0.86,0.43,27,400,9
0.86,0.44,27,400,9
0.86,0.45,27,400,9
0.86,0.46,27,400,9
0.86,0.47,27,400,9
0.86,0.48,27,400,9
0.86,0.49,27,400,9
0.86,0.5,27,400,9
0.87,0,27,346,13
0.87,0.01,27,348,13
0.87,0.02,27,361,11
0.87,0.03,27,367,11
0.87,0.04,27,374,11
0.87,0.05,27,375,11
0.87,0.06,27,378,10
0.87,0.07,27,382,10
0.87,0.08,27,384,10
0.87,0.09,27,385,10
0.87,0.1,27,387,10
0.87,0.11,27,389,10
0.87,0.12,27,389,10
0.87,0.13,27,391,10
0.87,0.14,27,391,10
0.87,0.15,27,392,10
0.87,0.16,27,394,10
0.87,0.17,27,395,10
0.87,0.18,27,396,10
0.87,0.19,27,396,10
0.87,0.2,27,396,10
0.87,0.21,27,398,10
0.87,0.22,27,398,10
0.87,0.23,27,399,10
0.87,0.24,27,399,10
0.87,0.25,27,399,10
0.87,0.26,27,400,9
0.87,0.27,27,400,9
0.87,0.28,27,400,9
0.87,0.29,27,400,9
0.87,0.3,27,400,9
0.87,0.31,27,400,9
0.87,0.32,27,400,9
0.87,0.33,27,400,9
0.87,0.34,27,400,9
0.87,0.35,27,400,9
0.87,0.36,27,400,9
0.87,0.37,27,400,9
0.87,0.38,27,400,9
0.87,0.39,27,400,9
0.87,0.4,27,400,9
0.87,0.41,27,400,9
0.87,0.42,27,400,9
0.87,0.43,27,400,9
0.87,0.44,27,400,9
0.87,0.45,27,400,9
0.87,0.46,27,400,9
0.87,0.47,27,400,9
0.87,0.48,27,400,9
0.87,0.49,27,400,9
0.87,0.5,27,400,9
0.88,0,27,348,13
0.88,0.01,27,350,13
0.88,0.02,27,363,11
0.88,0.03,27,369,11
0.88,0.04,27,374,11
0.88,0.05,27,375,11
0.88,0.06,27,378,10
0.88,0.07,27,382,10
0.88,0.08,27,384,10
0.88,0.09,27,385,10
0.88,0.1,27,387,10
0.88,0.11,27,389,10
0.88,0.12,27,389,10
0.88,0.13,27,391,10
0.88,0.14,27,391,10
0.88,0.15,27,392,10
0.88,0.16,27,394,10
0.88,0.17,27,395,10
0.88,0.18,27,396,10
0.88,0.19,27,396,10
0.88,0.2,27,396,10
0.88,0.21,27,398,10
0.88,0.22,27,398,10
0.88,0.23,27,399,10
0.88,0.24,27,399,10
0.88,0.25,27,399,10
0.88,0.26,27,400,9
0.88,0.27,27,400,9
0.88,0.28,27,400,9
0.88,0.29,27,400,9
0.88,0.3,27,400,9
0.88,0.31,27,400,9
0.88,0.32,27,400,9
0.88,0.33,27,400,9
0.88,0.34,27,400,9
0.88,0.35,27,400,9
0.88,0.36,27,400,9
0.88,0.37,27,400,9
0.88,0.38,27,400,9
0.88,0.39,27,400,9
0.88,0.4,27,400,9
0.88,0.41,27,400,9
0.88,0.42,27,400,9
0.88,0.43,27,400,9
0.88,0.44,27,400,9
0.88,0.45,27,400,9
0.88,0.46,27,400,9
0.88,0.47,27,400,9
0.88,0.48,27,400,9
0.88,0.49,27,400,9
0.88,0.5,27,400,9
0.89,0,27,354,11
0.89,0.01,27,356,11
0.89,0.02,27,367,11
0.89,0.03,27,372,10
0.89,0.04,27,376,10
0.89,0.05,27,377,10
0.89,0.06,27,379,10
0.89,0.07,27,383,10
0.89,0.08,27,385,10
0.89,0.09,27,386,10
0.89,0.1,27,388,10
0.89,0.11,27,390,10
0.89,0.12,27,390,10
0.89,0.13,27,392,10
0.89,0.14,27,392,10
0.89,0.15,27,393,10
0.89,0.16,27,395,10
0.89,0.17,27,396,10
0.89,0.18,27,397,10
0.89,0.19,27,397,10
0.89,0.2,27,397,10
0.89,0.21,27,398,10
0.89,0.22,27,398,10
0.89,0.23,27,399,10
0.89,0.24,27,399,10
0.89,0.25,27,399,10
0.89,0.26,27,400,9
0.89,0.27,27,400,9
0.89,0.28,27,400,9
0.89,0.29,27,400,9
0.89,0.3,27,400,9
0.89,0.31,27,400,9
0.89,0.32,27,400,9
0.89,0.33,27,400,9
0.89,0.34,27,400,9
0.89,0.35,27,400,9
0.89,0.36,27,400,9
0.89,0.37,27,400,9
0.89,0.38,27,400,9
0.89,0.39,27,400,9
0.89,0.4,27,400,9
0.89,0.41,27,400,9
0.89,0.42,27,400,9
0.89,0.43,27,400,9
0.89,0.44,27,400,9
0.89,0.45,27,400,9
0.89,0.46,27,400,9
0.89,0.47,27,400,9
0.89,0.48,27,400,9
0.89,0.49,27,400,9
0.89,0.5,27,400,9
0.9,0,27,361,11
0.9,0.01,27,363,11
0.9,0.02,27,372,11
0.9,0.03,27,376,10
0.9,0.04,27,379,10
0.9,0.05,27,380,10
0.9,0.06,27,381,10
0.9,0.07,27,384,10
0.9,0.08,27,386,10
0.9,0.09,27,387,10
0.9,0.1,27,389,10
0.9,0.11,27,390,10
0.9,0.12,27,390,10
0.9,0.13,27,392,10
0.9,0.14,27,392,10
0.9,0.15,27,393,10
0.9,0.16,27,395,10
0.9,0.17,27,396,10
0.9,0.18,27,397,10
0.9,0.19,27,397,10
0.9,0.2,27,397,10
0.9,0.21,27,398,10
0.9,0.22,27,398,10
0.9,0.23,27,399,10
0.9,0.24,27,399,10
0.9,0.25,27,399,10
0.9,0.26,27,400,9
0.9,0.27,27,400,9
0.9,0.28,27,400,9
0.9,0.29,27,400,9
0.9,0.3,27,400,9
0.9,0.31,27,400,9
0.9,0.32,27,400,9
0.9,0.33,27,400,9
0.9,0.34,27,400,9
0.9,0.35,27,400,9
0.9,0.36,27,400,9
0.9,0.37,27,400,9
0.9,0.38,27,400,9
0.9,0.39,27,400,9
0.9,0.4,27,400,9
0.9,0.41,27,400,9
0.9,0.42,27,400,9
0.9,0.43,27,400,9
0.9,0.44,27,400,9
0.9,0.45,27,400,9
0.9,0.46,27,400,9
0.9,0.47,27,400,9
0.9,0.48,27,400,9
0.9,0.49,27,400,9
0.9,0.5,27,400,9
0.91,0,27,363,11
0.91,0.01,27,365,11
0.91,0.02,27,373,11
0.91,0.03,27,377,10
0.91,0.04,27,380,10
0.91,0.05,27,381,10
0.91,0.06,27,382,10
0.91,0.07,27,384,10
0.91,0.08,27,386,10
0.91,0.09,27,387,10
0.91,0.1,27,389,10
0.91,0.11,27,390,10
0.91,0.12,27,390,10
0.91,0.13,27,392,10
0.91,0.14,27,392,10
0.91,0.15,27,393,10
0.91,0.16,27,395,10
0.91,0.17,27,396,10
0.91,0.18,27,397,10
0.91,0.19,27,397,10
0.91,0.2,27,397,10
0.91,0.21,27,398,10
0.91,0.22,27,398,10
0.91,0.23,27,399,10
0.91,0.24,27,399,10
0.91,0.25,27,399,10
0.91,0.26,27,400,9
0.91,0.27,27,400,9
0.91,0.28,27,400,9
0.91,0.29,27,400,9
0.91,0.3,27,400,9
0.91,0.31,27,400,9
0.91,0.32,27,400,9
0.91,0.33,27,400,9
0.91,0.34,27,400,9
0.91,0.35,27,400,9
0.91,0.36,27,400,9
0.91,0.37,27,400,9
0.91,0.38,27,400,9
0.91,0.39,27,400,9
0.91,0.4,27,400,9
0.91,0.41,27,400,9
0.91,0.42,27,400,9
0.91,0.43,27,400,9
0.91,0.44,27,400,9
0.91,0.45,27,400,9
0.91,0.46,27,400,9
0.91,0.47,27,400,9
0.91,0.48,27,400,9
0.91,0.49,27,400,9
0.91,0.5,27,400,9
0.92,0,27,369,11
0.92,0.01,27,371,11
0.92,0.02,27,378,11
0.92,0.03,27,381,10
0.92,0.04,27,383,10
0.92,0.05,27,383,10
0.92,0.06,27,384,10
0.92,0.07,27,385,10
0.92,0.08,27,387,10
0.92,0.09,27,387,10
0.92,0.1,27,389,10
0.92,0.11,27,390,10
0.92,0.12,27,390,10
0.92,0.13,27,392,10
0.92,0.14,27,392,10
0.92,0.15,27,393,10
0.92,0.16,27,395,10
0.92,0.17,27,396,10
0.92,0.18,27,397,10
0.92,0.19,27,397,10
0.92,0.2,27,397,10
0.92,0.21,27,398,10
0.92,0.22,27,398,10
0.92,0.23,27,399,10
0.92,0.24,27,399,10
0.92,0.25,27,399,10
0.92,0.26,27,400,9
0.92,0.27,27,400,9
0.92,0.28,27,400,9
0.92,0.29,27,400,9
0.92,0.3,27,400,9
0.92,0.31,27,400,9
0.92,0.32,27,400,9
0.92,0.33,27,400,9
0.92,0.34,27,400,9
0.92,0.35,27,400,9
0.92,0.36,27,400,9
0.92,0.37,27,400,9
0.92,0.38,27,400,9
0.92,0.39,27,400,9
0.92,0.4,27,400,9
0.92,0.41,27,400,9
0.92,0.42,27,400,9
0.92,0.43,27,400,9
0.92,0.44,27,400,9
0.92,0.45,27,400,9
0.92,0.46,27,400,9
0.92,0.47,27,400,9
0.92,0.48,27,400,9
0.92,0.49,27,400,9
0.92,0.5,27,400,9
0.93,0,27,370,11
0.93,0.01,27,372,11
0.93,0.02,27,378,11
0.93,0.03,27,381,10
0.93,0.04,27,383,10
0.93,0.05,27,383,10
0.93,0.06,27,384,10
0.93,0.07,27,385,10
0.93,0.08,27,387,10
0.93,0.09,27,387,10
0.93,0.1,27,389,10
0.93,0.11,27,390,10
0.93,0.12,27,390,10
0.93,0.13,27,392,10
0.93,0.14,27,392,10
0.93,0.15,27,393,10
0.93,0.16,27,395,10
0.93,0.17,27,396,10
0.93,0.18,27,397,10
0.93,0.19,27,397,10
0.93,0.2,27,397,10
0.93,0.21,27,398,10
0.93,0.22,27,398,10
0.93,0.23,27,399,10
0.93,0.24,27,399,10
0.93,0.25,27,399,10
0.93,0.26,27,400,9
0.93,0.27,27,400,9
0.93,0.28,27,400,9
0.93,0.29,27,400,9
0.93,0.3,27,400,9
0.93,0.31,27,400,9
0.93,0.32,27,400,9
0.93,0.33,27,400,9
0.93,0.34,27,400,9
0.93,0.35,27,400,9
0.93,0.36,27,400,9
0.93,0.37,27,400,9
0.93,0.38,27,400,9
0.93,0.39,27,400,9
0.93,0.4,27,400,9
0.93,0.41,27,400,9
0.93,0.42,27,400,9
0.93,0.43,27,400,9
0.93,0.44,27,400,9
0.93,0.45,27,400,9
0.93,0.46,27,400,9
0.93,0.47,27,400,9
0.93,0.48,27,400,9
0.93,0.49,27,400,9
0.93,0.5,27,400,9
0.94,0,27,372,11
0.94,0.01,27,374,11
0.94,0.02,27,380,11
0.94,0.03,27,383,10
0.94,0.04,27,384,10
0.94,0.05,27,384,10
0.94,0.06,27,385,10
0.94,0.07,27,386,10
0.94,0.08,27,388,10
0.94,0.09,27,388,10
0.94,0.1,27,390,10
0.94,0.11,27,391,10
0.94,0.12,27,391,10
0.94,0.13,27,393,10
0.94,0.14,27,393,10
0.94,0.15,27,394,10
0.94,0.16,27,395,10
0.94,0.17,27,396,10
0.94,0.18,27,397,10
0.94,0.19,27,397,10
0.94,0.2,27,397,10
0.94,0.21,27,398,10
0.94,0.22,27,398,10
0.94,0.23,27,399,10
0.94,0.24,27,399,10
0.94,0.25,27,399,10
0.94,0.26,27,400,9
0.94,0.27,27,400,9
0.94,0.28,27,400,9
0.94,0.29,27,400,9
0.94,0.3,27,400,9
0.94,0.31,27,400,9
0.94,0.32,27,400,9
0.94,0.33,27,400,9
0.94,0.34,27,400,9
0.94,0.35,27,400,9
0.94,0.36,27,400,9
0.94,0.37,27,400,9
0.94,0.38,27,400,9
0.94,0.39,27,400,9
0.94,0.4,27,400,9
0.94,0.41,27,400,9
0.94,0.42,27,400,9
0.94,0.43,27,400,9
0.94,0.44,27,400,9
0.94,0.45,27,400,9
0.94,0.46,27,400,9
0.94,0.47,27,400,9
0.94,0.48,27,400,9
0.94,0.49,27,400,9
0.94,0.5,27,400,9
0.95,0,27,374,11
0.95,0.01,27,376,11
0.95,0.02,27,381,11
0.95,0.03,27,383,10
0.95,0.04,27,384,10
0.95,0.05,27,384,10
0.95,0.06,27,385,10
0.95,0.07,27,386,10
0.95,0.08,27,388,10
0.95,0.09,27,388,10
0.95,0.1,27,390,10
0.95,0.11,27,391,10
0.95,0.12,27,391,10
0.95,0.13,27,393,10
0.95,0.14,27,393,10
0.95,0.15,27,394,10
0.95,0.16,27,395,10
0.95,0.17,27,396,10
0.95,0.18,27,397,10
0.95,0.19,27,397,10
0.95,0.2,27,397,10
0.95,0.21,27,398,10
0.95,0.22,27,398,10
0.95,0.23,27,399,10
0.95,0.24,27,399,10
0.95,0.25,27,399,10
0.95,0.26,27,400,9
0.95,0.27,27,400,9
0.95,0.28,27,400,9
0.95,0.29,27,400,9
0.95,0.3,27,400,9
0.95,0.31,27,400,9
0.95,0.32,27,400,9
0.95,0.33,27,400,9
0.95,0.34,27,400,9
0.95,0.35,27,400,9
0.95,0.36,27,400,9
0.95,0.37,27,400,9
0.95,0.38,27,400,9
0.95,0.39,27,400,9
0.95,0.4,27,400,9
0.95,0.41,27,400,9
0.95,0.42,27,400,9
0.95,0.43,27,400,9
0.95,0.44,27,400,9
0.95,0.45,27,400,9
0.95,0.46,27,400,9
0.95,0.47,27,400,9
0.95,0.48,27,400,9
0.95,0.49,27,400,9
0.95,0.5,27,400,9
0.96,0,27,379,11
0.96,0.01,27,381,11
0.96,0.02,27,386,10
0.96,0.03,27,387,10
0.96,0.04,27,388,10
0.96,0.05,27,388,10
0.96,0.06,27,388,10
0.96,0.07,27,389,10
0.96,0.08,27,390,10
0.96,0.09,27,390,10
0.96,0.1,27,392,10
0.96,0.11,27,393,10
0.96,0.12,27,393,10
0.96,0.13,27,395,10
0.96,0.14,27,395,10
0.96,0.15,27,396,10
0.96,0.16,27,396,10
0.96,0.17,27,397,10
0.96,0.18,27,398,10
0.96,0.19,27,398,10
0.96,0.2,27,398,10
0.96,0.21,27,399,10
0.96,0.22,27,399,10
0.96,0.23,27,400,9
0.96,0.24,27,400,9
0.96,0.25,27,400,9
0.96,0.26,27,400,9
0.96,0.27,27,400,9
0.96,0.28,27,400,9
0.96,0.29,27,400,9
0.96,0.3,27,400,9
0.96,0.31,27,400,9
0.96,0.32,27,400,9
0.96,0.33,27,400,9
0.96,0.34,27,400,9
0.96,0.35,27,400,9
0.96,0.36,27,400,9
0.96,0.37,27,400,9
0.96,0.38,27,400,9
0.96,0.39,27,400,9
0.96,0.4,27,400,9
0.96,0.41,27,400,9
0.96,0.42,27,400,9
0.96,0.43,27,400,9
0.96,0.44,27,400,9
0.96,0.45,27,400,9
0.96,0.46,27,400,9
0.96,0.47,27,400,9
0.96,0.48,27,400,9
0.96,0.49,27,400,9
0.96,0.5,27,400,9
0.97,0,27,386,11
0.97,0.01,27,388,10
0.97,0.02,27,391,10
0.97,0.03,27,392,10
0.97,0.04,27,392,10
0.97,0.05,27,392,10
0.97,0.06,27,392,10
0.97,0.07,27,392,10
0.97,0.08,27,392,10
0.97,0.09,27,392,10
0.97,0.1,27,393,10
0.97,0.11,27,394,10
0.97,0.12,27,394,10
0.97,0.13,27,396,10
0.97,0.14,27,396,10
0.97,0.15,27,397,10
0.97,0.16,27,397,10
0.97,0.17,27,398,10
0.97,0.18,27,399,10
0.97,0.19,27,399,10
0.97,0.2,27,399,10
0.97,0.21,27,399,10
0.97,0.22,27,399,10
0.97,0.23,27,400,9
0.97,0.24,27,400,9
0.97,0.25,27,400,9
0.97,0.26,27,400,9
0.97,0.27,27,400,9
0.97,0.28,27,400,9
0.97,0.29,27,400,9
0.97,0.3,27,400,9
0.97,0.31,27,400,9
0.97,0.32,27,400,9
0.97,0.33,27,400,9
0.97,0.34,27,400,9
0.97,0.35,27,400,9
0.97,0.36,27,400,9
0.97,0.37,27,400,9
0.97,0.38,27,400,9
0.97,0.39,27,400,9
0.97,0.4,27,400,9
0.97,0.41,27,400,9
0.97,0.42,27,400,9
0.97,0.43,27,400,9
0.97,0.44,27,400,9
0.97,0.45,27,400,9
0.97,0.46,27,400,9
0.97,0.47,27,400,9
0.97,0.48,27,400,9
0.97,0.49,27,400,9
0.97,0.5,27,400,9
0.98,0,27,391,10
0.98,0.01,27,391,10
0.98,0.02,27,393,10
0.98,0.03,27,394,10
0.98,0.04,27,394,10
0.98,0.05,27,394,10
0.98,0.06,27,394,10
0.98,0.07,27,394,10
0.98,0.08,27,394,10
0.98,0.09,27,394,10
0.98,0.1,27,394,10
0.98,0.11,27,395,10
0.98,0.12,27,395,10
0.98,0.13,27,397,10
0.98,0.14,27,397,10
0.98,0.15,27,398,10
0.98,0.16,27,398,10
0.98,0.17,27,398,10
0.98,0.18,27,399,10
0.98,0.19,27,399,10
0.98,0.2,27,399,10
0.98,0.21,27,399,10
0.98,0.22,27,399,10
0.98,0.23,27,400,9
0.98,0.24,27,400,9
0.98,0.25,27,400,9
0.98,0.26,27,400,9
0.98,0.27,27,400,9
0.98,0.28,27,400,9
0.98,0.29,27,400,9
0.98,0.3,27,400,9
0.98,0.31,27,400,9
0.98,0.32,27,400,9
0.98,0.33,27,400,9
0.98,0.34,27,400,9
0.98,0.35,27,400,9
0.98,0.36,27,400,9
0.98,0.37,27,400,9
0.98,0.38,27,400,9
0.98,0.39,27,400,9
0.98,0.4,27,400,9
0.98,0.41,27,400,9
0.98,0.42,27,400,9
0.98,0.43,27,400,9
0.98,0.44,27,400,9
0.98,0.45,27,400,9
0.98,0.46,27,400,9
0.98,0.47,27,400,9
0.98,0.48,27,400,9
0.98,0.49,27,400,9
0.98,0.5,27,400,9
0.99,0,27,397,10
0.99,0.01,27,397,10
0.99,0.02,27,397,10
0.99,0.03,27,397,10
0.99,0.04,27,397,10
0.99,0.05,27,397,10
0.99,0.06,27,397,10
0.99,0.07,27,397,10
0.99,0.08,27,397,10
0.99,0.09,27,397,10
0.99,0.1,27,397,10
0.99,0.11,27,398,10
0.99,0.12,27,398,10
0.99,0.13,27,399,10
0.99,0.14,27,399,10
0.99,0.15,27,399,10
0.99,0.16,27,399,10
0.99,0.17,27,399,10
0.99,0.18,27,400,9
0.99,0.19,27,400,9
0.99,0.2,27,400,9
0.99,0.21,27,400,9
0.99,0.22,27,400,9
0.99,0.23,27,400,9
0.99,0.24,27,400,9
0.99,0.25,27,400,9
0.99,0.26,27,400,9
0.99,0.27,27,400,9
0.99,0.28,27,400,9
0.99,0.29,27,400,9
0.99,0.3,27,400,9
0.99,0.31,27,400,9
0.99,0.32,27,400,9
0.99,0.33,27,400,9
0.99,0.34,27,400,9
0.99,0.35,27,400,9
0.99,0.36,27,400,9
0.99,0.37,27,400,9
0.99,0.38,27,400,9
0.99,0.39,27,400,9
0.99,0.4,27,400,9
0.99,0.41,27,400,9
0.99,0.42,27,400,9
0.99,0.43,27,400,9
0.99,0.44,27,400,9
0.99,0.45,27,400,9
0.99,0.46,27,400,9
0.99,0.47,27,400,9
0.99,0.48,27,400,9
0.99,0.49,27,400,9
0.99,0.5,27,400,9
1,0,27,400,9
1,0.01,27,400,9
1,0.02,27,400,9
1,0.03,27,400,9
1,0.04,27,400,9
1,0.05,27,400,9
1,0.06,27,400,9
1,0.07,27,400,9
1,0.08,27,400,9
1,0.09,27,400,9
1,0.1,27,400,9
1,0.11,27,400,9
1,0.12,27,400,9
1,0.13,27,400,9
1,0.14,27,400,9
1,0.15,27,400,9
1,0.16,27,400,9
1,0.17,27,400,9
1,0.18,27,400,9
1,0.19,27,400,9
1,0.2,27,400,9
1,0.21,27,400,9
1,0.22,27,400,9
1,0.23,27,400,9
1,0.24,27,400,9
1,0.25,27,400,9
1,0.26,27,400,9
1,0.27,27,400,9
1,0.28,27,400,9
1,0.29,27,400,9
1,0.3,27,400,9
1,0.31,27,400,9
1,0.32,27,400,9
1,0.33,27,400,9
1,0.34,27,400,9
1,0.35,27,400,9
1,0.36,27,400,9
1,0.37,27,400,9
1,0.38,27,400,9
1,0.39,27,400,9
1,0.4,27,400,9
1,0.41,27,400,9
1,0.42,27,400,9
1,0.43,27,400,9
1,0.44,27,400,9
1,0.45,27,400,9
1,0.46,27,400,9
1,0.47,27,400,9
1,0.48,27,400,9
1,0.49,27,400,9
1,0.5,27,400,9
